1 2
0 2
2 3
0 4
5 6
3 6
2 6
1 6
6 7
5 7
4 7
2 7
7 8
6 8
3 8
1 8
0 8
8 10
6 10
5 10
3 10
0 10
10 11
9 11
7 11
6 11
5 11
2 11
1 11
7 12
6 12
1 12
10 13
7 13
4 13
2 13
1 13
12 14
10 14
7 14
6 14
4 14
3 14
0 14
13 15
9 15
5 15
16 12
16 11
16 9
16 7
16 5
16 3
16 1
0 16
16 17
17 14
17 12
17 10
17 8
17 7
17 6
17 5
17 3
17 2
1 17
0 17
18 15
18 11
18 5
18 4
0 18
19 14
19 10
19 7
19 5
1 19
0 19
20 14
20 12
20 7
20 21
19 21
17 21
16 21
21 15
21 14
21 12
21 10
21 9
4 21
3 21
0 21
21 22
20 22
16 22
22 15
22 11
22 10
22 8
22 7
6 22
4 22
2 22
22 23
21 23
20 23
19 23
17 23
23 12
23 9
23 8
7 23
4 23
0 23
20 24
17 24
16 24
24 13
24 10
24 9
7 24
6 24
3 24
2 24
23 25
22 25
20 25
19 25
18 25
25 14
8 25
7 25
6 25
4 25
1 25
25 26
23 26
21 26
17 26
26 12
26 11
8 26
5 26
4 26
2 26
26 27
25 27
23 27
19 27
27 14
7 27
4 27
0 27
27 28
22 28
18 28
16 28
28 15
28 14
11 28
10 28
8 28
2 28
1 28
28 29
27 29
26 29
25 29
24 29
21 29
17 29
12 29
11 29
9 29
6 29
5 29
3 29
27 30
24 30
23 30
22 30
21 30
17 30
12 30
11 30
10 30
6 30
5 30
4 30
2 30
1 30
0 30
29 31
27 31
26 31
24 31
23 31
22 31
17 31
9 31
8 31
6 31
2 31
1 31
32 31
32 30
32 29
32 27
32 26
32 17
32 15
32 11
32 8
32 7
32 4
32 1
33 31
33 29
33 28
33 26
33 23
33 21
33 19
16 33
33 12
33 10
33 8
33 7
33 3
0 33
33 34
34 29
34 28
34 25
34 24
34 23
34 21
34 19
18 34
34 14
34 13
34 7
34 4
2 34
35 31
35 26
35 22
35 21
18 35
17 35
35 15
35 13
35 12
35 11
35 9
35 7
35 6
35 5
35 4
1 35
35 36
34 36
33 36
36 30
36 27
36 26
36 25
20 36
16 36
36 15
36 13
36 11
36 7
4 36
36 37
35 37
34 37
33 37
37 30
37 29
37 27
37 25
37 23
20 37
37 13
37 12
37 11
37 10
37 8
37 7
3 37
1 37
37 38
35 38
32 38
38 29
38 26
38 25
38 24
38 23
16 38
38 15
38 13
38 11
6 38
5 38
0 38
37 39
36 39
34 39
39 27
39 25
39 24
39 15
39 13
39 12
39 11
39 10
39 9
7 39
3 39
1 39
38 40
37 40
36 40
35 40
32 40
40 28
40 27
40 26
40 25
23 40
16 40
40 14
40 12
40 10
8 40
5 40
0 40
39 41
38 41
34 41
41 29
41 28
23 41
21 41
20 41
16 41
9 41
6 41
5 41
4 41
2 41
1 41
0 41
41 42
40 42
39 42
34 42
33 42
42 29
25 42
23 42
22 42
18 42
42 14
42 13
42 12
10 42
9 42
7 42
5 42
3 42
0 42
42 43
38 43
36 43
34 43
32 43
43 31
43 30
43 29
23 43
21 43
20 43
19 43
18 43
17 43
10 43
9 43
7 43
6 43
4 43
40 44
39 44
38 44
34 44
26 44
22 44
21 44
17 44
16 44
44 14
44 13
11 44
10 44
8 44
7 44
3 44
2 44
0 44
44 45
42 45
38 45
45 31
27 45
23 45
22 45
20 45
19 45
18 45
17 45
45 15
45 14
13 45
2 45
45 46
44 46
42 46
39 46
37 46
28 46
27 46
25 46
18 46
16 46
5 46
3 46
2 46
45 47
43 47
42 47
41 47
39 47
38 47
36 47
35 47
32 47
31 47
30 47
29 47
25 47
22 47
21 47
18 47
17 47
15 47
12 47
8 47
4 47
0 47
48 47
48 45
48 43
48 38
48 35
48 34
48 33
48 31
48 30
48 29
48 27
48 21
48 20
48 19
16 48
48 12
48 6
48 4
49 47
49 45
49 43
49 40
49 39
49 38
49 37
32 49
49 31
49 28
49 26
49 25
49 23
49 21
49 19
49 15
49 14
49 12
49 10
49 7
1 49
50 51
51 52
50 52
52 53
50 54
53 55
52 55
51 55
54 56
51 56
56 57
54 57
53 57
52 57
51 57
57 58
58 59
54 59
51 59
50 59
59 60
58 60
57 60
54 60
53 60
51 60
58 61
57 61
61 62
60 62
59 62
56 62
51 62
61 63
60 63
59 63
52 63
51 63
64 62
64 61
64 60
64 59
64 57
64 56
64 55
64 54
64 53
64 51
65 59
65 58
65 57
65 55
65 54
65 53
65 52
65 50
66 59
66 58
66 53
66 52
50 66
66 67
64 67
67 61
67 59
67 57
67 54
51 67
50 67
67 68
64 68
68 63
68 62
68 61
68 60
68 55
68 69
64 69
69 63
69 60
69 59
69 57
69 56
51 69
68 70
67 70
66 70
65 70
70 63
70 59
70 56
70 55
53 70
52 70
68 71
67 71
64 71
71 60
71 58
71 56
52 71
51 71
50 71
71 72
67 72
66 72
65 72
72 63
72 62
72 61
72 60
72 59
52 72
51 72
72 73
70 73
68 73
73 61
73 60
73 59
55 73
73 74
70 74
66 74
74 63
74 62
57 74
56 74
55 74
54 74
52 74
50 74
74 75
69 75
66 75
75 63
75 62
75 60
59 75
58 75
52 75
50 75
73 76
69 76
65 76
64 76
76 62
60 76
58 76
56 76
50 76
76 77
72 77
70 77
68 77
66 77
65 77
77 63
77 62
59 77
58 77
57 77
76 78
75 78
74 78
71 78
70 78
69 78
67 78
64 78
78 63
62 78
60 78
59 78
56 78
50 78
76 79
70 79
67 79
66 79
64 79
63 79
61 79
59 79
58 79
57 79
55 79
54 79
80 76
80 75
80 73
80 71
80 60
80 58
80 55
80 51
80 81
81 74
81 70
81 69
81 66
65 81
64 81
81 63
81 62
81 61
81 56
81 55
81 51
81 82
82 79
82 78
82 74
82 71
82 70
82 67
82 63
82 62
82 60
82 58
82 55
82 54
82 53
82 83
80 83
83 78
83 75
83 72
83 69
65 83
83 60
83 59
83 58
83 57
83 56
83 53
83 52
84 75
84 70
64 84
84 58
84 56
51 84
82 85
81 85
85 79
85 76
85 73
85 70
68 85
67 85
85 61
85 59
85 57
85 55
52 85
86 79
86 77
86 76
86 73
86 72
86 71
86 62
86 61
86 59
86 57
86 56
54 86
51 86
50 86
86 87
85 87
84 87
81 87
87 75
87 72
70 87
68 87
66 87
65 87
64 87
87 61
87 57
54 87
53 87
85 88
83 88
81 88
88 77
88 74
72 88
71 88
70 88
69 88
67 88
66 88
88 61
88 60
88 59
88 89
87 89
85 89
83 89
89 79
89 78
89 74
71 89
70 89
69 89
89 63
89 61
56 89
55 89
53 89
85 90
83 90
80 90
90 75
72 90
70 90
90 63
58 90
57 90
55 90
54 90
51 90
50 90
90 91
89 91
87 91
84 91
83 91
81 91
80 91
91 78
75 91
70 91
68 91
65 91
91 62
91 61
59 91
58 91
57 91
56 91
55 91
54 91
52 91
51 91
91 92
89 92
85 92
82 92
92 79
92 77
76 92
74 92
71 92
69 92
66 92
65 92
56 92
54 92
53 92
51 92
92 93
90 93
88 93
83 93
81 93
80 93
93 78
76 93
74 93
70 93
69 93
67 93
65 93
64 93
93 63
59 93
57 93
55 93
54 93
52 93
50 93
83 94
82 94
81 94
80 94
78 94
70 94
66 94
64 94
94 63
57 94
55 94
88 95
87 95
86 95
84 95
82 95
81 95
80 95
78 95
77 95
76 95
73 95
72 95
70 95
69 95
64 95
62 95
61 95
60 95
58 95
56 95
54 95
53 95
50 95
96 91
96 89
96 87
96 85
96 83
96 82
80 96
96 74
96 73
96 65
96 62
96 61
96 60
96 57
96 54
96 52
96 50
97 90
97 89
97 88
97 87
97 86
97 85
81 97
97 79
97 78
97 77
97 76
97 75
97 73
97 70
97 68
97 66
97 63
97 56
97 53
97 51
97 98
98 95
98 92
98 89
98 87
80 98
98 76
98 73
98 72
98 71
98 70
98 69
66 98
65 98
98 57
98 55
98 53
50 98
96 99
99 95
99 94
99 92
99 91
99 90
99 84
99 79
99 76
99 75
99 74
99 72
99 70
99 69
99 68
66 99
64 99
99 63
99 61
99 60
99 58
99 55
99 53
50 99
128 130
130 131
131 132
128 133
132 134
130 134
133 135
132 135
133 136
131 136
130 136
129 136
135 137
134 137
133 137
132 137
131 137
129 137
135 138
133 138
132 138
131 138
130 138
138 139
137 139
136 139
133 139
129 139
128 139
131 140
139 141
137 141
131 141
129 141
140 142
137 142
131 142
140 143
139 143
138 143
133 143
132 143
129 143
144 143
144 142
144 133
144 131
144 145
145 140
145 135
145 132
145 131
129 145
145 146
146 142
146 140
146 139
146 135
146 131
128 146
146 147
145 147
147 143
147 141
147 140
147 138
147 137
147 135
147 148
146 148
148 141
148 138
148 135
148 134
129 148
128 148
147 149
149 140
149 138
149 137
149 134
133 149
132 149
129 149
100 149
146 100
145 100
144 100
100 143
100 141
100 140
100 139
100 134
100 133
131 100
128 100
100 101
144 101
101 142
101 140
101 139
101 138
101 136
101 135
101 134
130 101
128 101
101 102
144 102
102 143
102 142
102 141
102 140
102 138
102 137
102 136
134 102
133 102
131 102
130 102
129 102
128 102
149 103
147 103
145 103
144 103
103 143
103 139
103 136
134 103
128 103
103 104
102 104
101 104
148 104
104 143
130 104
128 104
104 105
102 105
101 105
100 105
149 105
146 105
105 139
136 105
133 105
132 105
131 105
130 105
129 105
105 106
103 106
100 106
148 106
147 106
144 106
106 142
138 106
137 106
134 106
132 106
106 107
104 107
103 107
149 107
148 107
146 107
145 107
107 143
107 142
139 107
132 107
130 107
129 107
106 108
104 108
149 108
146 108
144 108
108 143
108 141
140 108
139 108
133 108
132 108
107 109
106 109
102 109
100 109
145 109
109 142
141 109
136 109
133 109
108 110
106 110
105 110
104 110
103 110
100 110
146 110
145 110
144 110
140 110
138 110
135 110
133 110
132 110
131 110
110 111
107 111
106 111
105 111
104 111
103 111
101 111
149 111
148 111
146 111
145 111
141 111
137 111
131 111
129 111
112 111
112 110
112 109
112 106
112 105
112 143
112 142
112 139
112 138
112 136
112 134
112 133
128 112
112 113
113 108
113 107
113 105
113 104
113 102
113 149
113 133
113 131
129 113
128 113
113 114
114 110
114 107
114 103
114 101
114 148
144 114
114 143
114 142
114 140
114 134
114 132
114 131
130 114
113 115
115 110
115 109
115 108
115 107
115 106
115 104
115 149
115 148
147 115
146 115
115 143
115 140
115 138
115 137
115 135
115 133
131 115
115 116
113 116
116 109
116 108
116 106
116 104
116 102
116 101
100 116
116 149
116 142
116 141
116 138
116 136
116 135
116 134
114 117
113 117
117 111
117 110
117 105
117 104
117 103
117 102
101 117
149 117
148 117
144 117
117 143
117 139
117 134
133 117
132 117
131 117
115 118
112 118
118 109
118 108
118 105
118 104
100 118
149 118
147 118
118 142
118 137
118 136
134 118
131 118
130 118
129 118
116 119
114 119
119 111
119 110
119 109
119 108
103 119
102 119
149 119
119 143
119 142
119 141
119 140
119 138
119 137
113 120
112 120
120 110
120 108
120 106
120 105
104 120
102 120
101 120
100 120
146 120
145 120
144 120
120 143
120 142
120 141
120 140
120 139
120 138
120 137
135 120
133 120
130 120
129 120
119 121
114 121
113 121
112 121
121 111
121 110
121 107
105 121
104 121
100 121
149 121
147 121
146 121
145 121
144 121
121 143
121 139
137 121
135 121
131 121
128 121
121 122
120 122
119 122
117 122
113 122
112 122
122 108
122 107
104 122
103 122
102 122
148 122
144 122
122 140
138 122
133 122
132 122
131 122
129 122
128 122
121 123
119 123
115 123
112 123
123 111
123 110
123 108
107 123
102 123
146 123
145 123
144 123
123 140
137 123
135 123
134 123
132 123
131 123
130 123
129 123
128 123
122 124
119 124
113 124
112 124
124 109
106 124
103 124
101 124
149 124
145 124
144 124
124 142
140 124
139 124
132 124
129 124
123 125
120 125
116 125
113 125
112 125
125 110
106 125
105 125
103 125
102 125
100 125
149 125
148 125
145 125
125 143
125 142
141 125
139 125
133 125
130 125
129 125
122 126
117 126
112 126
126 111
109 126
105 126
104 126
103 126
101 126
100 126
148 126
147 126
146 126
144 126
141 126
135 126
134 126
132 126
131 126
124 127
119 127
113 127
108 127
102 127
101 127
149 127
145 127
144 127
135 127
133 127
132 127
131 127
128 127
151 152
151 153
153 154
152 156
155 157
154 157
155 158
153 158
150 158
158 159
157 159
156 159
155 159
151 159
160 159
160 155
160 153
160 161
161 159
161 158
161 157
161 152
162 157
162 156
161 163
163 157
163 155
163 154
163 153
163 152
163 164
160 164
164 152
164 165
160 165
165 156
165 155
165 153
165 152
165 151
165 150
165 166
164 166
163 166
166 158
166 155
150 166
165 167
164 167
167 158
167 157
167 156
167 155
151 167
150 167
165 168
162 168
160 168
150 168
168 169
167 169
166 169
165 169
163 169
169 159
169 156
150 169
169 170
166 170
163 170
161 170
170 158
170 156
153 170
170 171
167 171
164 171
161 171
160 171
171 157
155 171
154 171
151 171
150 171
171 172
170 172
169 172
167 172
165 172
164 172
161 172
156 172
155 172
154 172
152 172
151 172
172 173
171 173
167 173
164 173
163 173
161 173
160 173
154 173
153 173
151 173
172 174
170 174
168 174
167 174
163 174
162 174
161 174
157 174
155 174
150 174
172 175
171 175
167 175
160 175
158 175
156 175
153 175
151 175
176 175
176 174
176 173
176 170
176 169
176 168
176 165
176 163
160 176
176 158
176 157
176 155
176 154
176 152
176 150
177 174
177 173
177 172
177 170
177 169
177 168
177 166
177 162
160 177
177 158
177 157
177 154
178 175
178 174
178 172
178 169
162 178
178 158
178 157
178 156
176 179
179 174
179 171
179 170
179 168
179 166
179 165
179 164
161 179
179 156
179 155
179 151
179 180
180 174
180 171
180 168
180 165
164 180
163 180
162 180
160 180
180 159
180 154
180 153
180 152
177 181
176 181
181 174
181 172
181 170
181 169
181 167
160 181
181 156
181 154
181 150
180 182
179 182
177 182
176 182
182 174
182 172
182 171
182 170
182 168
182 167
166 182
160 182
182 159
182 158
182 157
182 155
150 182
182 183
178 183
183 173
183 171
183 170
183 168
165 183
164 183
163 183
160 183
183 158
183 157
183 156
183 155
183 154
151 183
179 184
178 184
176 184
184 174
184 171
167 184
165 184
161 184
160 184
184 157
184 156
184 154
183 185
182 185
181 185
185 175
185 174
165 185
160 185
185 159
185 157
185 154
150 185
185 186
184 186
183 186
182 186
181 186
180 186
179 186
178 186
177 186
176 186
186 175
186 171
160 186
186 157
186 155
152 186
151 186
181 187
179 187
187 175
187 172
171 187
170 187
168 187
163 187
162 187
155 187
154 187
153 187
151 187
186 188
185 188
183 188
181 188
179 188
177 188
188 174
188 173
170 188
169 188
166 188
162 188
161 188
188 159
188 157
153 188
151 188
188 189
186 189
183 189
182 189
181 189
180 189
179 189
177 189
189 174
172 189
166 189
163 189
160 189
189 159
156 189
153 189
151 189
150 189
188 190
187 190
183 190
182 190
172 190
169 190
168 190
165 190
164 190
163 190
190 159
158 190
155 190
153 190
152 190
190 191
188 191
186 191
184 191
183 191
176 191
173 191
172 191
167 191
164 191
160 191
158 191
157 191
156 191
154 191
153 191
151 191
192 191
192 190
192 188
192 187
192 181
192 180
176 192
192 174
192 173
192 172
192 171
192 169
192 163
192 161
192 159
192 158
192 156
192 150
192 193
193 191
193 189
193 185
193 181
177 193
176 193
193 175
193 171
193 170
193 168
193 164
193 163
193 158
193 157
193 155
193 154
192 194
194 191
194 190
194 187
194 184
194 182
194 181
194 172
194 170
194 169
194 168
194 165
162 194
161 194
194 158
194 154
194 153
194 152
194 151
194 150
194 195
195 185
195 181
178 195
177 195
176 195
195 171
163 195
162 195
161 195
160 195
195 157
195 152
195 151
192 196
196 191
196 189
196 186
180 196
179 196
178 196
176 196
196 171
196 170
196 169
196 168
196 167
162 196
160 196
196 159
196 158
196 156
196 155
196 154
193 197
197 191
197 190
197 189
197 188
197 187
197 185
197 184
180 197
178 197
197 172
197 169
197 166
163 197
162 197
161 197
160 197
197 155
197 153
197 152
197 151
197 150
197 198
193 198
198 185
198 183
182 198
180 198
179 198
177 198
198 170
198 169
198 167
162 198
160 198
198 157
198 154
198 152
150 198
198 199
196 199
193 199
192 199
199 188
199 187
199 185
199 184
182 199
181 199
180 199
177 199
199 173
199 169
199 168
167 199
166 199
165 199
162 199
199 154
199 152
150 199
200 201
201 202
200 202
202 203
201 205
200 205
205 206
204 206
201 206
204 207
203 207
201 207
200 207
208 205
208 204
208 201
208 200
209 205
209 202
209 201
209 210
210 207
210 206
210 205
210 202
210 211
208 211
211 207
211 203
211 201
208 212
212 205
212 200
211 213
213 203
213 202
213 201
214 206
214 205
214 202
213 215
210 215
209 215
208 215
215 204
215 203
215 202
215 200
215 216
211 216
216 207
216 205
216 202
216 201
210 217
209 217
208 217
217 204
201 217
200 217
216 218
214 218
209 218
208 218
218 206
218 205
201 218
200 218
218 219
216 219
212 219
211 219
210 219
208 219
219 204
219 220
218 220
215 220
214 220
213 220
211 220
210 220
209 220
202 220
201 220
220 221
219 221
218 221
217 221
220 222
218 222
217 222
212 222
211 222
209 222
222 207
203 222
222 223
220 223
218 223
217 223
216 223
213 223
212 223
210 223
208 223
207 223
204 223
200 223
224 222
224 221
224 214
224 213
224 212
224 211
208 224
224 204
224 200
224 225
225 221
225 217
225 215
225 213
225 212
225 211
209 225
208 225
225 207
225 206
225 204
225 201
224 226
226 223
226 222
226 214
226 213
210 226
209 226
226 207
226 202
226 201
226 227
224 227
227 217
227 216
211 227
210 227
208 227
227 206
227 200
224 228
228 221
228 217
208 228
228 207
228 201
225 229
229 223
229 222
229 221
229 220
229 219
229 218
229 216
229 215
213 229
212 229
229 207
229 206
229 202
229 200
229 230
230 216
212 230
230 203
230 202
230 201
230 200
228 231
227 231
226 231
231 223
231 218
215 231
212 231
231 207
231 206
231 201
227 232
232 221
232 220
232 219
232 217
214 232
212 232
208 232
232 207
232 233
231 233
224 233
214 233
213 233
212 233
211 233
208 233
233 206
233 203
200 233
233 234
231 234
224 234
234 223
218 234
217 234
214 234
213 234
210 234
209 234
208 234
234 204
234 235
233 235
230 235
228 235
227 235
224 235
235 222
219 235
218 235
216 235
215 235
214 235
211 235
235 206
235 205
235 204
203 235
202 235
225 236
224 236
218 236
216 236
212 236
210 236
208 236
204 236
202 236
201 236
200 236
229 237
227 237
237 222
219 237
218 237
217 237
216 237
213 237
204 237
201 237
200 237
234 238
233 238
232 238
226 238
222 238
221 238
219 238
218 238
217 238
216 238
211 238
210 238
209 238
208 238
206 238
205 238
204 238
203 238
202 238
201 238
200 238
238 239
234 239
232 239
230 239
226 239
220 239
218 239
216 239
215 239
211 239
210 239
208 239
200 239
240 239
240 238
240 235
240 233
240 231
240 227
240 226
240 225
240 222
240 219
240 216
240 210
240 209
208 240
240 204
240 201
240 200
241 239
241 238
241 237
241 235
241 234
241 231
241 226
225 241
224 241
241 222
241 221
241 215
241 213
241 212
241 210
209 241
208 241
241 207
241 205
241 202
240 242
242 235
242 234
242 233
242 227
226 242
225 242
242 221
242 219
242 217
242 213
210 242
209 242
242 204
242 203
242 202
242 201
240 243
243 228
225 243
224 243
243 222
243 221
243 217
243 216
243 213
210 243
209 243
243 207
243 205
243 202
243 200
242 244
241 244
244 237
244 236
244 235
244 234
244 230
228 244
226 244
224 244
244 223
244 221
244 219
244 216
211 244
210 244
208 244
244 207
244 205
244 245
243 245
242 245
241 245
245 239
245 234
245 233
245 231
245 230
229 245
227 245
226 245
224 245
245 223
245 221
245 217
213 245
212 245
245 206
245 205
245 202
243 246
246 238
246 235
246 232
246 231
230 246
229 246
228 246
246 221
246 218
246 215
214 246
211 246
208 246
246 207
246 206
246 204
246 201
246 247
243 247
242 247
247 237
247 236
224 247
247 223
247 220
247 216
215 247
211 247
210 247
209 247
247 207
247 205
247 204
247 202
247 248
246 248
244 248
240 248
248 239
248 234
248 233
230 248
227 248
226 248
248 219
248 218
248 217
215 248
213 248
212 248
211 248
210 248
209 248
248 204
248 202
240 249
249 239
249 235
249 234
233 249
231 249
228 249
224 249
249 223
249 220
249 218
217 249
215 249
213 249
211 249
249 206
249 203
249 202
256 257
257 258
258 259
256 259
259 260
256 260
260 261
258 261
257 261
261 262
262 263
263 264
261 264
256 264
262 265
259 265
258 265
265 266
263 266
261 266
263 267
262 267
261 267
259 267
257 267
262 268
261 268
266 269
265 269
260 269
258 269
257 269
264 270
263 270
262 270
259 270
257 270
268 271
266 271
264 271
256 271
272 271
272 269
272 267
272 266
272 264
272 263
272 260
272 259
272 257
256 272
272 273
273 271
273 270
273 268
273 267
273 266
273 265
273 264
273 263
273 262
273 261
273 260
273 259
257 273
273 274
274 271
274 269
274 267
274 266
274 264
274 263
274 261
274 259
257 274
256 274
273 275
272 275
275 271
275 270
275 269
275 266
275 260
258 275
257 275
256 275
272 276
276 271
276 268
276 263
276 262
276 261
260 276
274 277
272 277
277 270
277 269
277 267
277 266
277 262
261 277
276 278
274 278
272 278
278 271
278 268
278 266
278 265
278 263
260 278
259 278
258 278
278 279
276 279
275 279
272 279
279 268
279 266
279 264
262 279
261 279
259 279
257 279
256 279
278 280
277 280
275 280
273 280
272 280
280 267
280 266
260 280
259 280
258 280
256 280
280 281
276 281
281 271
281 268
281 267
281 266
265 281
264 281
262 281
261 281
260 281
258 281
257 281
278 282
274 282
273 282
272 282
282 271
282 267
266 282
263 282
262 282
259 282
257 282
282 283
280 283
279 283
278 283
275 283
274 283
283 271
283 270
265 283
264 283
262 283
260 283
259 283
257 283
283 284
280 284
276 284
275 284
273 284
272 284
284 271
284 270
267 284
262 284
258 284
284 285
280 285
276 285
274 285
272 285
285 271
285 270
269 285
268 285
264 285
260 285
259 285
258 285
285 286
283 286
282 286
280 286
278 286
277 286
275 286
274 286
273 286
270 286
269 286
266 286
264 286
259 286
257 286
285 287
282 287
280 287
279 287
277 287
276 287
271 287
265 287
264 287
263 287
260 287
258 287
257 287
256 287
288 285
288 283
288 282
288 281
288 280
288 273
288 271
288 269
288 268
288 265
288 260
288 257
256 288
289 287
289 282
289 280
289 279
289 278
289 277
289 276
273 289
289 270
289 269
289 268
289 267
289 266
289 262
289 261
289 290
290 287
290 283
290 281
290 280
290 278
274 290
273 290
290 270
290 268
290 266
290 264
290 262
290 259
256 290
291 287
291 286
291 283
291 280
291 276
275 291
273 291
291 269
291 268
291 267
291 266
291 265
291 262
256 291
291 292
289 292
288 292
292 286
292 282
292 281
292 280
292 277
276 292
292 269
292 268
292 267
292 265
292 263
292 261
260 292
258 292
292 293
290 293
293 286
293 285
293 284
293 283
293 281
293 280
276 293
274 293
273 293
272 293
293 270
293 269
293 263
293 262
260 293
259 293
290 294
294 287
294 285
294 282
294 281
276 294
274 294
294 270
294 266
294 265
294 264
258 294
257 294
293 295
290 295
295 286
295 284
295 282
295 281
279 295
278 295
276 295
273 295
295 271
295 270
295 269
295 268
295 267
295 264
263 295
261 295
256 295
294 296
290 296
288 296
296 287
296 286
278 296
276 296
275 296
274 296
296 271
296 268
296 267
296 266
264 296
263 296
262 296
259 296
258 296
257 296
295 297
289 297
288 297
297 287
297 283
280 297
278 297
273 297
297 269
297 268
263 297
262 297
261 297
258 297
257 297
256 297
297 298
295 298
292 298
289 298
298 283
281 298
280 298
276 298
275 298
298 269
298 268
266 298
265 298
261 298
259 298
257 298
256 298
298 299
296 299
299 287
299 285
299 284
283 299
275 299
273 299
299 271
299 270
299 268
267 299
265 299
264 299
262 299
250 299
297 250
291 250
290 250
250 287
250 284
282 250
281 250
276 250
275 250
274 250
250 269
250 268
266 250
265 250
264 250
259 250
256 250
292 251
283 251
282 251
274 251
266 251
264 251
262 251
256 251
250 252
298 252
297 252
296 252
293 252
290 252
289 252
288 252
284 252
280 252
279 252
276 252
275 252
274 252
252 269
262 252
261 252
260 252
257 252
251 253
297 253
296 253
290 253
278 253
275 253
272 253
253 271
253 270
257 253
253 254
252 254
250 254
297 254
296 254
294 254
291 254
290 254
288 254
254 287
284 254
282 254
278 254
277 254
276 254
269 254
265 254
262 254
257 254
252 255
294 255
293 255
292 255
291 255
288 255
287 255
286 255
285 255
282 255
279 255
278 255
273 255
272 255
271 255
270 255
269 255
268 255
265 255
264 255
263 255
262 255
261 255
256 255
302 303
301 303
304 301
304 300
304 305
305 302
305 301
305 306
306 303
306 301
306 300
305 307
304 307
307 302
307 301
306 308
304 308
308 303
308 302
307 309
306 309
305 309
309 302
309 300
308 310
304 310
308 311
307 311
306 311
311 303
311 302
311 300
311 312
311 313
310 313
309 313
308 313
305 313
313 301
312 314
311 314
309 314
306 314
305 314
314 300
313 315
311 315
309 315
307 315
306 315
304 315
313 316
312 316
311 316
308 316
316 302
316 301
316 317
312 317
310 317
308 317
307 317
306 317
304 317
300 317
317 318
313 318
306 318
302 318
315 319
313 319
312 319
307 319
305 319
320 319
320 318
320 313
320 311
320 307
320 302
320 301
321 314
321 311
321 308
321 307
321 306
321 301
321 322
322 319
322 317
322 314
322 313
322 311
322 309
322 303
322 323
321 323
323 318
323 316
323 312
323 309
323 308
305 323
322 324
324 316
324 314
324 313
324 311
324 310
308 324
307 324
305 324
324 301
324 325
323 325
322 325
325 318
325 311
325 310
307 325
325 303
325 326
323 326
320 326
326 319
326 315
309 326
308 326
304 326
326 302
326 301
326 300
326 327
324 327
321 327
327 317
327 314
310 327
308 327
305 327
327 302
327 301
327 300
326 328
325 328
324 328
323 328
322 328
320 328
328 319
328 315
310 328
308 328
307 328
328 301
328 329
323 329
322 329
320 329
329 319
329 316
329 314
311 329
309 329
329 302
329 330
327 330
326 330
324 330
330 318
330 317
330 315
314 330
313 330
311 330
310 330
308 330
306 330
330 302
328 331
325 331
324 331
331 319
331 318
331 316
331 302
331 332
329 332
322 332
332 318
332 317
316 332
309 332
307 332
305 332
304 332
332 302
330 333
327 333
326 333
325 333
324 333
323 333
313 333
311 333
309 333
308 333
307 333
306 333
305 333
304 333
301 333
332 334
326 334
324 334
323 334
320 334
317 334
312 334
305 334
304 334
334 303
300 334
331 335
329 335
324 335
320 335
317 335
316 335
314 335
310 335
309 335
303 335
301 335
336 333
336 332
336 331
336 329
336 325
336 324
336 323
336 322
336 321
320 336
336 318
336 314
336 313
336 309
336 307
304 336
336 303
336 302
336 301
336 300
336 337
337 334
337 332
337 324
337 323
337 318
337 317
337 315
337 313
337 310
337 306
304 337
337 302
337 301
337 300
337 338
338 334
338 333
338 328
338 324
338 319
338 315
338 314
338 301
338 300
336 339
339 333
339 331
339 326
320 339
339 315
339 314
339 313
339 309
307 339
305 339
304 339
339 303
339 301
337 340
336 340
340 332
340 330
340 329
324 340
323 340
322 340
321 340
340 316
340 311
340 309
306 340
304 340
340 301
340 300
339 341
338 341
337 341
341 334
341 333
341 332
321 341
341 317
341 315
341 313
341 310
309 341
307 341
305 341
304 341
341 303
341 302
339 342
342 335
342 332
342 330
342 328
320 342
342 318
342 314
342 313
310 342
308 342
307 342
342 303
342 343
339 343
338 343
343 334
343 333
343 332
343 331
325 343
343 318
343 312
311 343
308 343
305 343
304 343
343 303
343 301
339 344
338 344
337 344
336 344
344 333
344 332
344 331
344 330
324 344
323 344
321 344
320 344
344 319
344 318
344 317
344 314
311 344
308 344
306 344
305 344
304 344
344 303
344 301
344 345
343 345
345 335
345 332
320 345
345 318
345 315
345 314
313 345
309 345
306 345
304 345
345 300
345 346
344 346
342 346
339 346
338 346
336 346
346 335
346 334
346 333
346 332
346 331
330 346
329 346
328 346
327 346
326 346
325 346
322 346
314 346
312 346
311 346
310 346
307 346
346 301
345 347
343 347
342 347
341 347
340 347
336 347
347 334
347 333
347 332
329 347
327 347
326 347
323 347
347 319
347 317
347 316
315 347
309 347
307 347
305 347
347 302
347 348
341 348
340 348
348 335
348 333
332 348
325 348
323 348
321 348
320 348
316 348
312 348
310 348
309 348
307 348
305 348
348 301
348 349
347 349
345 349
344 349
342 349
336 349
331 349
329 349
327 349
326 349
324 349
323 349
321 349
320 349
317 349
316 349
314 349
313 349
307 349
305 349
304 349
349 302
301 349
384 386
386 387
385 387
387 388
386 388
388 389
384 389
389 390
388 390
387 390
390 391
388 391
385 391
384 391
391 392
390 392
389 392
387 392
385 392
384 392
391 393
390 393
388 393
387 393
385 393
384 393
392 394
388 394
387 394
394 395
392 395
384 395
393 396
396 397
390 397
387 397
386 397
385 397
384 397
397 398
396 399
393 399
392 399
391 399
387 399
384 399
397 350
392 350
391 350
389 350
388 350
385 350
350 351
397 351
395 351
393 351
391 351
390 351
386 351
385 351
352 395
352 394
352 391
352 389
352 388
384 352
352 353
353 397
353 394
353 392
353 389
353 388
353 386
353 354
352 354
354 397
354 395
354 392
354 389
354 388
386 354
384 354
353 355
355 350
355 399
355 394
355 393
355 392
355 390
387 355
384 355
352 356
356 350
356 398
356 397
356 394
386 356
356 357
355 357
354 357
357 351
357 350
357 399
357 392
357 391
353 358
358 398
358 392
387 358
384 358
356 359
355 359
354 359
353 359
359 351
359 399
359 398
359 397
359 396
359 392
390 359
388 359
359 360
356 360
354 360
352 360
360 399
360 397
360 393
389 360
385 360
384 360
359 361
357 361
356 361
354 361
353 361
361 351
361 350
361 394
391 361
390 361
388 361
387 361
386 361
359 362
353 362
352 362
362 351
362 399
362 397
394 362
391 362
388 362
385 362
384 362
362 363
361 363
358 363
355 363
352 363
395 363
394 363
393 363
392 363
391 363
390 363
389 363
386 363
363 364
362 364
356 364
364 350
364 398
392 364
391 364
390 364
386 364
384 364
364 365
363 365
361 365
360 365
359 365
355 365
396 365
393 365
392 365
390 365
389 365
384 365
364 366
363 366
361 366
360 366
359 366
358 366
354 366
353 366
392 366
386 366
365 367
362 367
358 367
355 367
352 367
351 367
350 367
399 367
398 367
397 367
393 367
391 367
388 367
387 367
368 367
368 365
368 364
368 362
368 356
368 353
368 350
368 397
368 395
368 394
368 385
384 368
368 369
369 367
369 363
369 361
369 359
369 358
369 355
352 369
369 350
369 399
369 396
369 395
369 394
369 391
369 388
369 386
385 369
370 366
370 365
370 363
370 358
370 357
352 370
370 398
370 396
370 395
370 394
370 391
370 390
370 389
385 370
370 371
368 371
371 367
371 357
371 350
371 399
371 397
371 396
371 395
371 394
371 392
387 371
386 371
370 372
369 372
368 372
372 364
372 362
372 360
372 358
353 372
372 351
372 398
372 397
372 395
372 393
372 390
388 372
386 372
385 372
372 373
373 364
373 362
354 373
352 373
373 351
373 350
373 399
373 397
373 391
385 373
371 374
369 374
374 367
374 364
374 362
374 361
356 374
355 374
354 374
353 374
374 399
374 397
374 396
374 391
386 374
384 374
373 375
372 375
370 375
369 375
375 366
375 363
375 361
375 360
357 375
355 375
354 375
375 351
375 399
375 398
375 397
375 394
387 375
386 375
384 375
374 376
373 376
371 376
368 376
376 365
376 364
360 376
359 376
358 376
357 376
376 350
376 398
376 394
392 376
391 376
390 376
389 376
388 376
386 376
385 376
384 376
373 377
372 377
371 377
369 377
377 367
377 366
377 364
377 363
360 377
359 377
354 377
377 350
377 395
393 377
389 377
388 377
387 377
371 378
370 378
378 364
360 378
359 378
378 351
378 350
378 399
378 395
394 378
391 378
389 378
387 378
385 378
377 379
376 379
379 364
361 379
360 379
356 379
353 379
352 379
379 397
391 379
390 379
388 379
377 380
376 380
375 380
374 380
373 380
369 380
380 366
364 380
363 380
354 380
353 380
352 380
380 350
380 398
396 380
395 380
392 380
391 380
378 381
377 381
376 381
373 381
372 381
368 381
381 367
381 366
364 381
359 381
358 381
381 351
397 381
395 381
394 381
393 381
390 381
388 381
385 381
384 381
381 382
380 382
379 382
377 382
376 382
371 382
370 382
368 382
365 382
364 382
363 382
360 382
356 382
355 382
397 382
391 382
389 382
385 382
384 382
381 383
378 383
377 383
375 383
374 383
371 383
369 383
367 383
364 383
363 383
360 383
353 383
352 383
350 383
397 383
395 383
394 383
393 383
392 383
391 383
388 383
387 383
385 383
400 401
402 403
400 403
402 404
404 405
400 406
406 407
404 407
401 407
405 408
402 408
400 408
408 409
404 409
403 409
402 409
408 410
407 410
406 410
400 410
408 411
405 411
411 412
409 412
408 412
405 412
401 412
400 412
412 413
410 413
409 413
408 413
407 413
406 413
405 413
404 413
401 413
400 413
409 414
410 415
406 415
403 415
402 415
400 415
416 415
416 414
416 411
416 406
416 402
400 416
417 407
417 406
418 415
418 414
418 409
400 418
416 419
419 415
419 412
419 410
419 409
419 408
419 404
402 419
401 419
400 419
419 420
418 420
417 420
420 415
420 408
420 406
404 420
403 420
402 420
401 420
400 420
420 421
417 421
416 421
421 414
421 409
421 406
402 421
401 421
418 422
422 413
422 412
422 411
422 409
422 408
416 423
423 413
423 411
423 410
423 409
407 423
404 423
402 423
401 423
423 424
422 424
421 424
420 424
419 424
417 424
416 424
424 413
424 409
408 424
404 424
403 424
402 424
400 424
424 425
423 425
416 425
425 411
425 410
407 425
406 425
405 425
404 425
402 425
423 426
421 426
419 426
417 426
426 414
426 413
410 426
408 426
407 426
405 426
404 426
401 426
420 427
416 427
427 413
410 427
409 427
406 427
403 427
427 428
426 428
425 428
422 428
418 428
416 428
428 415
412 428
411 428
405 428
404 428
402 428
401 428
423 429
422 429
411 429
410 429
404 429
429 430
428 430
425 430
424 430
420 430
419 430
418 430
416 430
413 430
412 430
411 430
410 430
407 430
406 430
404 430
403 430
427 431
426 431
421 431
417 431
414 431
412 431
411 431
410 431
404 431
401 431
432 431
432 430
432 429
432 428
432 427
432 424
432 420
432 417
416 432
432 413
432 411
432 405
432 404
432 403
432 433
433 431
433 428
433 427
433 425
433 424
433 420
433 418
433 409
433 407
433 406
400 433
434 430
434 428
434 423
434 420
434 419
418 434
417 434
434 413
434 410
434 409
434 408
434 407
434 406
434 405
434 404
402 434
400 434
434 435
432 435
435 430
435 428
435 424
435 423
435 420
419 435
418 435
417 435
435 410
435 409
435 404
402 435
434 436
432 436
436 430
436 427
436 426
436 421
420 436
436 411
404 436
403 436
400 436
434 437
432 437
437 431
437 428
437 422
416 437
437 414
437 413
437 412
437 410
437 409
437 408
405 437
404 437
402 437
436 438
434 438
433 438
432 438
438 431
438 429
438 428
438 427
438 426
438 425
438 424
421 438
418 438
438 412
438 409
405 438
402 438
401 438
437 439
439 427
439 426
422 439
420 439
419 439
418 439
417 439
439 412
439 410
439 409
439 408
406 439
405 439
403 439
434 440
433 440
432 440
440 431
440 430
440 429
440 428
423 440
421 440
420 440
440 411
407 440
404 440
400 440
438 441
434 441
441 430
441 428
441 426
425 441
423 441
422 441
421 441
418 441
417 441
416 441
441 410
407 441
441 442
440 442
439 442
437 442
442 431
426 442
425 442
419 442
418 442
416 442
442 413
442 412
442 411
408 442
441 443
440 443
437 443
435 443
443 430
425 443
421 443
420 443
419 443
418 443
417 443
443 414
443 413
411 443
406 443
405 443
403 443
440 444
438 444
437 444
434 444
432 444
428 444
425 444
422 444
419 444
418 444
412 444
411 444
409 444
406 444
401 444
443 445
442 445
440 445
438 445
435 445
432 445
445 431
428 445
427 445
425 445
418 445
416 445
411 445
410 445
407 445
406 445
403 445
402 445
400 445
445 446
442 446
441 446
440 446
437 446
434 446
433 446
422 446
421 446
417 446
416 446
446 415
414 446
410 446
409 446
408 446
406 446
401 446
446 447
443 447
442 447
441 447
440 447
436 447
432 447
427 447
423 447
422 447
420 447
419 447
412 447
411 447
409 447
406 447
402 447
448 447
448 445
448 444
448 442
448 441
448 440
448 436
448 434
432 448
448 428
448 426
448 422
448 417
448 410
448 404
448 403
448 402
449 447
449 445
449 440
449 439
449 436
449 435
449 434
433 449
432 449
449 430
449 428
449 424
449 422
449 421
449 418
416 449
449 415
449 412
449 405
401 449
400 449
450 451
452 453
451 453
450 453
452 454
451 454
450 454
454 455
453 455
453 456
452 456
450 456
454 458
453 458
456 459
454 459
451 459
459 460
458 460
455 460
453 460
452 460
459 461
454 461
452 461
459 462
457 462
456 462
454 462
453 462
451 462
450 462
459 463
458 463
455 463
454 463
450 463
464 461
464 460
464 459
464 457
464 454
464 450
464 465
465 462
465 459
465 457
465 453
465 452
465 466
466 462
466 461
466 458
466 457
466 455
466 451
450 466
466 467
464 467
467 463
467 461
467 458
467 457
451 467
450 467
468 461
468 458
468 456
468 454
468 453
452 468
451 468
466 469
469 461
469 455
453 469
451 469
450 469
466 470
470 462
470 461
470 460
470 459
470 471
469 471
466 471
465 471
464 471
471 458
455 471
454 471
453 471
450 471
469 472
468 472
467 472
466 472
464 472
472 460
456 472
455 472
450 472
472 473
470 473
469 473
468 473
466 473
473 462
473 461
457 473
456 473
450 473
472 474
474 463
474 462
474 461
457 474
456 474
455 474
453 474
472 475
469 475
467 475
465 475
475 462
458 475
456 475
454 475
472 476
468 476
466 476
464 476
476 463
476 461
460 476
459 476
458 476
455 476
474 477
471 477
470 477
468 477
466 477
465 477
477 462
461 477
460 477
459 477
458 477
454 477
450 477
476 478
473 478
470 478
468 478
466 478
464 478
461 478
459 478
458 478
457 478
456 478
452 478
450 478
478 479
477 479
476 479
474 479
471 479
469 479
465 479
464 479
463 479
461 479
460 479
458 479
457 479
451 479
480 474
480 471
480 468
480 465
480 462
480 457
480 452
480 451
481 477
481 473
481 471
481 470
481 468
481 467
481 461
481 458
481 453
481 482
480 482
482 477
482 476
482 472
482 471
482 468
482 461
482 459
482 457
482 456
482 455
482 453
482 452
480 483
483 479
483 477
483 476
483 474
483 473
483 470
483 468
466 483
464 483
483 460
483 459
483 457
483 456
483 455
483 453
483 484
482 484
484 479
484 478
484 477
484 463
484 462
484 460
484 459
484 458
484 457
484 456
484 455
483 485
481 485
480 485
485 479
485 478
485 475
485 471
468 485
465 485
485 463
485 461
485 460
485 458
485 457
453 485
483 486
480 486
486 473
486 472
486 471
469 486
468 486
466 486
464 486
486 462
486 457
452 486
486 487
484 487
482 487
487 478
487 476
487 473
487 472
471 487
468 487
467 487
465 487
487 463
487 462
487 459
455 487
452 487
451 487
486 488
484 488
482 488
481 488
488 479
488 475
469 488
466 488
488 462
488 459
488 457
456 488
453 488
487 489
486 489
482 489
481 489
489 478
489 476
471 489
469 489
468 489
467 489
466 489
489 461
455 489
454 489
450 489
488 490
484 490
483 490
481 490
490 479
474 490
470 490
469 490
467 490
466 490
465 490
490 461
490 460
457 490
451 490
487 491
485 491
484 491
483 491
480 491
491 479
491 477
475 491
469 491
468 491
467 491
465 491
458 491
457 491
456 491
455 491
452 491
451 491
491 492
490 492
488 492
483 492
482 492
476 492
475 492
472 492
469 492
466 492
492 462
459 492
458 492
455 492
453 492
492 493
491 493
489 493
482 493
480 493
493 478
477 493
476 493
474 493
472 493
471 493
470 493
469 493
467 493
465 493
493 463
459 493
456 493
454 493
450 493
493 494
489 494
488 494
485 494
494 479
478 494
476 494
472 494
471 494
469 494
468 494
467 494
465 494
462 494
461 494
460 494
451 494
489 495
483 495
481 495
480 495
479 495
478 495
476 495
473 495
471 495
468 495
466 495
465 495
461 495
460 495
457 495
454 495
453 495
452 495
451 495
496 495
496 491
496 475
496 472
496 471
496 470
496 466
464 496
496 462
496 460
496 457
497 495
497 494
497 493
497 492
497 490
497 484
497 483
497 482
497 478
497 476
497 472
497 471
497 467
497 463
497 462
497 458
497 454
497 453
497 452
497 451
497 450
497 498
498 495
498 493
498 492
498 491
498 488
498 487
498 486
498 484
482 498
498 477
498 476
498 473
498 471
498 470
466 498
465 498
464 498
498 461
498 458
498 455
498 499
499 493
499 492
499 491
499 488
499 486
482 499
499 475
499 469
499 468
467 499
499 463
499 459
499 456
499 455
450 499
515 516
513 516
512 516
516 517
513 517
512 517
517 518
518 519
517 519
516 519
519 520
517 520
515 520
518 521
517 521
516 521
514 521
513 521
520 522
519 522
516 522
522 523
520 523
519 523
518 523
517 523
513 523
512 523
522 524
519 524
518 524
512 524
523 525
522 525
518 525
515 525
525 526
524 526
522 526
518 526
516 526
515 526
514 526
522 527
520 527
519 527
518 527
515 527
514 527
528 524
528 521
528 519
528 518
528 517
528 514
529 523
529 521
529 519
529 518
529 517
529 514
529 530
530 524
530 518
530 517
530 531
529 531
528 531
531 523
531 518
515 531
514 531
513 531
532 527
532 526
532 522
532 518
516 532
514 532
512 532
531 533
529 533
533 527
533 524
533 523
533 521
533 519
513 533
533 534
532 534
531 534
530 534
528 534
534 527
534 525
534 524
534 523
534 519
517 534
515 534
513 534
512 534
534 535
529 535
528 535
535 527
535 524
535 522
535 521
535 520
519 535
516 535
515 535
514 535
513 535
512 535
531 536
530 536
536 525
536 523
536 521
518 536
517 536
516 536
515 536
513 536
530 537
529 537
537 527
537 523
520 537
516 537
514 537
513 537
536 538
532 538
530 538
529 538
528 538
538 526
538 524
512 538
538 539
537 539
536 539
534 539
533 539
528 539
539 527
539 525
516 539
514 539
512 539
538 540
534 540
533 540
531 540
530 540
529 540
528 540
540 525
520 540
518 540
517 540
515 540
514 540
513 540
512 540
540 541
538 541
536 541
532 541
530 541
528 541
523 541
522 541
520 541
518 541
512 541
537 542
536 542
535 542
532 542
530 542
523 542
520 542
519 542
518 542
517 542
515 542
513 542
540 543
538 543
535 543
533 543
526 543
523 543
519 543
518 543
517 543
516 543
515 543
513 543
544 543
544 537
544 536
544 535
544 534
544 530
544 522
544 521
544 519
544 513
545 543
545 540
545 536
545 533
545 530
545 524
545 523
545 522
545 519
545 517
545 516
545 514
513 545
512 545
545 546
546 541
546 537
546 535
546 532
546 531
530 546
529 546
528 546
546 527
546 525
546 523
546 522
546 519
546 515
546 547
545 547
547 541
547 540
547 538
547 534
547 533
547 532
529 547
547 527
547 525
547 521
547 520
547 517
544 548
548 543
548 538
532 548
531 548
548 527
548 526
548 524
548 523
548 522
548 521
514 548
513 548
512 548
547 549
549 543
549 542
549 538
549 537
549 536
549 534
533 549
531 549
530 549
549 523
549 522
549 521
517 549
514 549
513 549
500 549
548 500
547 500
500 540
500 539
500 536
500 534
500 524
500 523
500 520
500 518
500 517
516 500
548 501
546 501
545 501
501 543
501 539
501 537
501 535
501 534
533 501
532 501
531 501
529 501
501 526
501 525
501 524
501 521
513 501
501 502
549 502
546 502
502 543
502 542
502 541
502 539
502 536
534 502
531 502
530 502
528 502
502 523
502 522
502 519
518 502
516 502
515 502
514 502
513 502
500 503
544 503
503 543
503 542
503 538
503 536
534 503
503 527
503 523
519 503
515 503
514 503
501 504
549 504
548 504
546 504
545 504
544 504
504 543
504 540
532 504
504 527
504 526
504 523
520 504
519 504
512 504
549 505
545 505
505 541
537 505
530 505
529 505
505 522
519 505
517 505
516 505
515 505
512 505
505 506
502 506
506 541
506 540
506 539
537 506
535 506
534 506
533 506
530 506
506 527
506 523
518 506
516 506
506 507
505 507
502 507
549 507
548 507
546 507
507 540
539 507
536 507
533 507
531 507
529 507
507 524
522 507
520 507
516 507
513 507
506 508
501 508
500 508
549 508
545 508
540 508
539 508
537 508
536 508
530 508
508 525
522 508
520 508
519 508
518 508
514 508
508 509
507 509
504 509
500 509
548 509
547 509
546 509
544 509
541 509
528 509
509 527
520 509
519 509
517 509
516 509
515 509
509 510
504 510
502 510
501 510
547 510
510 543
541 510
540 510
537 510
534 510
533 510
530 510
510 527
525 510
523 510
522 510
518 510
515 510
513 510
510 511
506 511
505 511
501 511
549 511
546 511
544 511
540 511
539 511
537 511
535 511
534 511
533 511
531 511
529 511
522 511
519 511
517 511
516 511
512 511
550 551
554 556
553 556
556 557
554 557
553 557
550 557
557 558
555 558
552 558
557 559
556 559
555 559
553 559
560 556
560 555
560 553
560 552
560 551
560 550
561 559
561 557
561 556
561 554
561 562
562 559
562 556
562 553
562 551
561 563
563 557
563 555
563 554
562 564
561 564
564 559
564 557
564 556
564 553
564 551
564 550
564 565
563 565
562 565
565 559
564 566
563 566
562 566
566 557
566 556
566 555
550 566
561 567
560 567
567 559
567 557
567 556
567 554
567 568
564 568
561 568
560 568
568 558
568 556
550 568
568 569
566 569
564 569
563 569
562 569
561 569
569 557
569 556
550 569
567 570
566 570
565 570
564 570
562 570
560 570
570 558
554 570
553 570
552 570
551 570
550 570
568 571
566 571
564 571
561 571
560 571
571 559
571 558
552 571
551 571
570 572
568 572
567 572
566 572
564 572
563 572
572 557
569 573
568 573
566 573
565 573
564 573
563 573
561 573
573 558
557 573
553 573
573 574
568 574
566 574
565 574
563 574
562 574
560 574
574 559
557 574
556 574
555 574
554 574
552 574
551 574
574 575
560 575
553 575
550 575
576 573
576 572
576 571
576 570
576 569
576 568
576 567
576 566
576 563
576 562
560 576
576 559
576 558
576 557
576 554
576 577
577 572
577 571
577 570
577 568
577 565
560 577
577 558
577 557
577 555
577 552
578 571
578 570
578 568
578 566
578 565
578 563
562 578
578 550
579 570
579 569
579 568
562 579
561 579
579 556
579 555
579 554
579 551
576 580
580 574
580 572
580 569
580 567
580 566
563 580
561 580
580 558
580 556
580 554
580 553
580 551
580 550
580 581
579 581
576 581
581 574
581 569
581 568
581 567
581 566
565 581
563 581
561 581
581 557
581 556
581 555
581 553
581 550
580 582
578 582
576 582
582 574
582 571
566 582
565 582
560 582
582 558
582 556
582 551
580 583
578 583
583 575
583 572
583 569
560 583
583 556
583 555
550 583
577 584
576 584
584 574
584 571
584 569
565 584
584 559
584 557
584 555
584 553
552 584
551 584
550 584
584 585
583 585
582 585
581 585
580 585
579 585
577 585
585 572
585 571
585 570
569 585
568 585
566 585
564 585
562 585
561 585
585 557
585 554
585 586
584 586
578 586
586 575
586 574
586 573
570 586
569 586
568 586
564 586
562 586
586 555
551 586
550 586
584 587
583 587
581 587
579 587
587 575
571 587
565 587
564 587
563 587
560 587
587 557
555 587
551 587
550 587
584 588
583 588
582 588
577 588
588 575
588 574
588 573
572 588
569 588
564 588
562 588
561 588
560 588
588 558
555 588
587 589
580 589
577 589
576 589
573 589
572 589
569 589
562 589
561 589
557 589
556 589
554 589
552 589
587 590
586 590
585 590
584 590
583 590
582 590
581 590
580 590
577 590
576 590
590 575
574 590
571 590
568 590
567 590
566 590
557 590
556 590
555 590
551 590
589 591
588 591
587 591
581 591
580 591
579 591
576 591
575 591
572 591
570 591
562 591
560 591
559 591
558 591
556 591
555 591
554 591
552 591
551 591
592 591
592 590
592 588
592 585
592 584
592 583
592 580
592 579
592 571
592 570
592 568
592 567
592 566
592 564
592 563
592 562
592 559
592 555
592 554
592 550
593 590
593 589
593 588
593 587
593 583
593 582
593 581
593 579
577 593
593 575
593 573
593 572
593 571
593 569
593 567
593 566
593 563
561 593
593 554
593 550
593 594
592 594
594 589
594 588
594 587
594 586
594 583
594 580
594 579
578 594
577 594
594 574
594 571
594 570
594 569
594 568
594 567
561 594
594 559
594 558
594 556
594 553
594 550
594 595
593 595
595 591
595 590
595 589
595 588
595 586
595 584
595 583
595 574
595 572
595 569
595 565
595 564
595 558
595 557
595 556
595 555
595 553
595 552
595 596
594 596
593 596
592 596
596 589
596 588
596 581
580 596
579 596
596 575
596 574
596 571
596 570
596 567
596 566
562 596
596 558
596 557
596 556
596 554
596 552
595 597
592 597
597 591
597 589
597 586
597 585
576 597
597 572
597 571
597 567
597 566
564 597
560 597
597 559
597 558
597 557
597 556
597 554
597 598
594 598
598 590
598 586
579 598
576 598
598 574
598 573
598 571
598 569
598 568
564 598
563 598
561 598
560 598
598 557
598 556
598 555
598 553
550 598
598 599
595 599
599 590
599 589
599 587
599 586
583 599
579 599
577 599
599 575
599 571
599 569
599 568
565 599
564 599
562 599
599 558
599 557
550 599
641 643
644 645
640 645
645 646
642 646
641 646
646 647
645 647
644 647
647 648
645 648
644 648
643 648
642 648
640 648
646 649
645 649
644 649
642 649
640 649
648 600
646 600
645 600
644 600
600 601
647 601
644 601
643 601
642 601
641 601
640 601
649 602
648 602
645 602
644 602
640 602
600 603
642 603
641 603
649 604
648 604
643 604
642 604
641 604
640 604
603 605
602 605
600 605
649 605
647 605
644 605
642 605
605 606
600 606
648 606
644 606
606 607
605 607
603 607
600 607
648 607
644 607
608 607
608 605
608 603
608 602
608 646
608 644
608 609
609 605
609 603
609 600
609 643
609 642
641 609
609 610
608 610
610 605
610 604
610 603
610 602
610 648
610 645
642 610
640 610
611 607
611 604
611 603
611 601
611 649
611 648
611 645
642 611
608 612
612 607
612 606
612 604
612 603
612 602
612 601
612 648
612 645
644 612
642 612
641 612
608 613
613 607
613 647
645 613
642 613
640 613
613 614
611 614
610 614
614 606
614 605
614 603
614 649
614 648
614 647
646 614
641 614
640 614
614 615
609 615
608 615
615 607
615 606
615 602
615 600
647 615
645 615
642 615
615 616
610 616
609 616
616 605
616 603
616 601
648 616
644 616
643 616
641 616
616 617
614 617
612 617
610 617
609 617
608 617
617 603
617 602
601 617
600 617
648 617
646 617
644 617
643 617
617 618
613 618
610 618
609 618
618 605
618 604
618 603
648 618
647 618
641 618
640 618
618 619
615 619
614 619
613 619
612 619
611 619
610 619
602 619
600 619
649 619
646 619
644 619
618 620
615 620
613 620
611 620
620 607
620 605
603 620
602 620
601 620
600 620
644 620
617 621
608 621
621 607
603 621
648 621
645 621
618 622
616 622
615 622
612 622
610 622
606 622
605 622
600 622
649 622
647 622
643 622
641 622
621 623
620 623
615 623
608 623
606 623
600 623
644 623
642 623
641 623
640 623
624 620
624 619
624 618
624 614
624 605
624 603
624 645
624 644
624 641
625 621
625 619
625 612
625 611
609 625
608 625
625 607
625 604
625 603
625 602
625 648
625 644
641 625
626 621
626 618
626 617
626 616
609 626
608 626
626 607
626 604
626 602
626 649
626 646
642 626
641 626
640 626
626 627
625 627
624 627
627 622
627 621
627 620
627 618
627 616
609 627
627 603
627 602
627 600
627 648
627 647
627 645
643 627
642 627
640 627
627 628
624 628
628 621
628 618
628 615
628 614
612 628
611 628
610 628
609 628
628 606
628 605
628 603
628 647
628 646
644 628
643 628
641 628
640 628
628 629
624 629
629 623
629 622
629 620
629 617
629 614
613 629
612 629
608 629
629 607
629 604
629 601
629 600
629 648
644 629
641 629
640 629
628 630
626 630
625 630
630 615
614 630
611 630
609 630
630 607
630 606
630 602
630 600
630 649
643 630
641 630
630 631
629 631
628 631
627 631
626 631
631 619
631 617
613 631
612 631
611 631
609 631
631 607
631 602
631 649
647 631
646 631
644 631
640 631
631 632
632 622
632 621
632 620
613 632
612 632
611 632
608 632
632 603
632 602
645 632
644 632
641 632
631 633
628 633
627 633
626 633
633 623
633 620
633 619
633 618
616 633
615 633
613 633
610 633
609 633
633 607
633 606
633 605
633 602
600 633
644 633
642 633
641 633
633 634
628 634
627 634
624 634
634 623
634 619
617 634
616 634
614 634
634 604
649 634
646 634
642 634
641 634
631 635
630 635
629 635
624 635
635 623
635 622
635 620
618 635
616 635
614 635
635 607
635 604
603 635
649 635
646 635
642 635
640 635
635 636
630 636
627 636
636 622
636 621
619 636
618 636
615 636
614 636
611 636
610 636
601 636
600 636
649 636
648 636
645 636
644 636
642 636
635 637
632 637
626 637
637 622
618 637
616 637
613 637
612 637
609 637
637 606
604 637
603 637
600 637
648 637
646 637
644 637
643 637
642 637
637 638
626 638
638 623
621 638
619 638
617 638
611 638
608 638
638 607
604 638
602 638
648 638
644 638
641 638
636 639
635 639
634 639
632 639
630 639
629 639
625 639
622 639
621 639
619 639
618 639
617 639
616 639
613 639
612 639
611 639
602 639
601 639
645 639
641 639
651 652
650 653
652 654
654 655
656 655
656 654
656 650
656 657
657 653
657 650
657 658
656 658
658 655
658 654
658 653
658 650
659 655
659 653
659 652
659 651
656 660
660 654
660 653
660 650
661 653
661 652
661 651
658 662
657 662
662 652
662 650
661 663
660 663
659 663
658 663
656 663
663 654
663 651
663 650
662 664
661 664
659 664
657 664
664 655
664 652
664 651
664 650
663 665
658 665
657 665
665 654
665 652
665 651
662 666
661 666
659 666
666 667
658 667
657 667
667 654
666 668
664 668
660 668
659 668
668 653
664 669
663 669
656 669
669 655
668 670
662 670
661 670
660 670
659 670
658 670
670 655
651 670
650 670
665 671
661 671
658 671
654 671
653 671
652 671
651 671
672 668
672 665
672 664
672 663
672 661
672 660
672 658
672 657
656 672
672 651
672 650
673 671
673 670
673 668
673 667
673 666
673 665
673 662
673 658
656 673
673 654
673 650
673 674
674 671
674 666
674 665
674 662
674 661
656 674
674 655
674 652
674 651
675 670
675 669
675 668
675 664
659 675
656 675
675 653
676 670
676 669
676 668
676 662
659 676
658 676
676 651
677 670
677 668
677 667
677 663
677 662
659 677
658 677
677 651
677 650
676 678
673 678
672 678
678 671
678 670
678 669
678 668
678 667
678 666
678 663
658 678
678 655
678 651
678 679
676 679
673 679
679 671
679 668
679 665
679 664
662 679
660 679
656 679
679 652
679 650
679 680
678 680
676 680
672 680
680 671
680 666
680 665
663 680
662 680
660 680
657 680
680 655
680 654
680 652
678 681
676 681
674 681
673 681
681 670
681 668
681 666
664 681
662 681
661 681
660 681
659 681
681 655
681 653
678 682
676 682
675 682
674 682
682 671
682 670
682 669
682 667
665 682
661 682
660 682
658 682
656 682
682 652
681 683
679 683
677 683
676 683
683 669
664 683
663 683
660 683
656 683
683 654
683 652
683 684
680 684
675 684
674 684
672 684
684 671
684 670
684 669
668 684
665 684
661 684
660 684
658 684
657 684
684 655
651 684
682 685
681 685
679 685
678 685
677 685
674 685
673 685
685 671
669 685
668 685
666 685
662 685
660 685
658 685
685 655
650 685
685 686
684 686
678 686
677 686
673 686
672 686
668 686
667 686
665 686
664 686
663 686
661 686
657 686
654 686
651 686
686 687
680 687
678 687
677 687
672 687
669 687
667 687
665 687
664 687
663 687
662 687
660 687
656 687
654 687
651 687
688 686
688 683
688 682
688 681
688 680
688 679
688 677
688 674
688 673
688 671
688 669
688 668
688 662
688 659
688 657
656 688
688 654
688 653
688 651
689 687
689 685
689 684
689 683
689 682
689 681
689 680
689 679
689 676
689 674
672 689
689 669
689 668
689 667
689 666
689 660
689 658
689 653
689 650
690 683
690 681
690 678
690 676
690 669
690 668
690 667
690 663
658 690
690 652
690 691
688 691
691 684
691 681
691 679
691 678
691 670
691 667
691 666
691 663
691 662
691 660
691 654
691 651
692 686
692 683
692 681
692 678
674 692
672 692
692 668
692 665
692 664
692 662
692 653
692 651
691 693
688 693
693 687
693 686
693 685
693 684
693 682
693 680
693 678
677 693
693 670
693 668
693 664
693 663
693 662
661 693
660 693
658 693
656 693
693 653
691 694
688 694
694 687
694 685
694 684
694 683
694 680
678 694
677 694
676 694
672 694
694 671
694 670
694 668
694 667
694 665
694 663
661 694
657 694
694 654
694 653
694 652
694 651
695 686
695 680
677 695
676 695
675 695
672 695
695 669
695 667
663 695
660 695
658 695
695 653
695 652
691 696
696 687
696 686
675 696
673 696
672 696
664 696
662 696
659 696
658 696
657 696
656 696
696 654
696 651
696 697
695 697
694 697
693 697
692 697
690 697
688 697
697 685
681 697
676 697
675 697
674 697
697 671
697 670
697 668
697 667
665 697
661 697
656 697
697 654
697 653
697 650
695 698
693 698
692 698
691 698
690 698
689 698
688 698
698 686
698 685
698 683
681 698
677 698
698 671
698 670
666 698
662 698
660 698
656 698
698 655
698 654
698 652
698 651
650 698
698 699
695 699
691 699
688 699
699 686
699 685
683 699
681 699
677 699
676 699
673 699
672 699
699 669
663 699
656 699
699 655
650 699
700 701
700 702
704 703
704 705
705 702
705 701
704 706
706 700
705 707
707 703
707 702
707 701
707 708
708 703
708 702
708 700
706 709
705 709
709 701
706 710
705 710
704 710
710 702
710 701
710 700
710 711
708 711
706 711
705 711
711 712
704 712
712 713
710 713
708 713
705 713
712 714
711 714
708 714
705 714
714 702
714 700
711 715
705 715
715 701
714 716
713 716
710 716
708 716
707 716
706 716
705 716
716 703
700 716
716 717
713 717
709 717
707 717
704 717
701 717
700 717
717 718
716 718
711 718
709 718
707 718
716 719
711 719
708 719
704 719
700 719
720 718
720 713
720 712
720 708
720 705
704 720
720 702
720 701
721 719
721 714
721 713
721 712
721 710
721 709
705 721
721 703
721 702
721 722
720 722
722 717
722 716
722 715
722 712
722 708
706 722
705 722
721 723
723 718
723 709
723 703
723 702
723 701
722 724
724 718
724 717
724 715
724 712
724 709
708 724
706 724
704 724
724 702
720 725
725 717
725 714
725 711
725 710
705 725
725 700
724 726
721 726
726 719
726 718
726 716
726 714
726 713
710 726
709 726
708 726
707 726
704 726
725 727
723 727
722 727
727 719
727 718
727 717
727 716
727 715
710 727
706 727
727 702
727 701
727 728
724 728
723 728
728 718
728 716
728 715
728 713
710 728
709 728
728 703
728 701
725 729
723 729
721 729
720 729
729 718
729 714
712 729
710 729
709 729
708 729
705 729
729 703
729 702
729 701
726 730
722 730
721 730
730 719
730 718
714 730
712 730
711 730
710 730
709 730
704 730
730 703
726 731
731 717
731 716
713 731
710 731
709 731
707 731
706 731
731 702
726 732
732 718
713 732
709 732
708 732
732 703
732 701
732 733
728 733
727 733
726 733
724 733
723 733
733 718
716 733
714 733
711 733
709 733
707 733
706 733
701 733
732 734
731 734
728 734
726 734
724 734
722 734
718 734
717 734
713 734
712 734
709 734
708 734
705 734
701 734
734 735
726 735
725 735
722 735
721 735
719 735
718 735
715 735
714 735
712 735
711 735
710 735
706 735
705 735
700 735
736 734
736 733
736 731
736 729
736 728
736 727
736 725
736 721
736 718
736 716
736 711
736 709
736 708
736 700
736 737
737 732
737 729
737 725
737 723
721 737
720 737
737 716
737 714
737 713
737 711
737 710
737 706
704 737
737 738
738 735
738 734
738 732
738 731
738 725
738 723
738 719
738 717
738 716
738 714
738 713
738 712
738 709
738 708
738 707
706 738
738 701
737 739
739 735
739 730
739 729
739 725
722 739
721 739
720 739
739 719
739 718
739 717
739 714
739 709
705 739
739 702
739 700
739 740
737 740
736 740
740 727
740 725
723 740
722 740
720 740
740 718
740 717
740 716
740 714
740 712
708 740
707 740
706 740
740 701
741 730
741 728
720 741
741 717
741 714
741 713
741 712
741 710
708 741
707 741
704 741
741 701
741 742
740 742
738 742
737 742
742 735
742 734
742 727
726 742
725 742
720 742
742 715
742 714
707 742
706 742
742 701
742 700
742 743
737 743
736 743
743 735
743 734
743 732
743 730
743 728
725 743
723 743
721 743
743 718
743 715
705 743
743 703
742 744
738 744
737 744
726 744
724 744
723 744
720 744
744 716
711 744
709 744
708 744
706 744
704 744
744 702
744 700
744 745
738 745
736 745
745 734
745 731
727 745
726 745
725 745
723 745
721 745
745 716
712 745
709 745
706 745
745 701
745 746
742 746
739 746
738 746
736 746
728 746
726 746
725 746
722 746
721 746
746 719
746 716
746 715
714 746
709 746
708 746
707 746
746 702
741 747
738 747
736 747
747 735
747 734
747 733
747 732
731 747
730 747
725 747
724 747
747 719
714 747
712 747
710 747
708 747
707 747
706 747
747 703
747 701
747 700
745 748
744 748
743 748
742 748
741 748
740 748
739 748
738 748
736 748
730 748
727 748
726 748
725 748
724 748
722 748
720 748
748 719
716 748
715 748
714 748
713 748
711 748
710 748
708 748
707 748
706 748
705 748
748 703
748 702
700 748
736 749
732 749
731 749
727 749
726 749
724 749
723 749
722 749
721 749
720 749
716 749
714 749
713 749
712 749
708 749
749 702
701 749
768 769
768 770
769 771
770 772
771 773
769 773
768 773
770 774
774 775
773 775
771 775
768 775
774 776
773 776
772 776
771 776
770 776
774 777
771 777
770 777
769 777
773 778
772 778
771 778
770 778
769 778
778 779
777 779
774 779
773 779
768 779
779 780
775 780
780 781
777 781
773 781
770 781
768 781
779 782
776 782
775 782
773 782
772 782
771 782
770 782
782 783
781 783
775 783
773 783
768 783
784 783
784 781
784 780
784 778
784 773
784 771
784 770
784 769
785 783
785 778
785 777
785 776
785 775
785 771
769 785
768 785
785 786
784 786
786 782
786 781
786 779
786 778
786 776
786 773
786 771
770 786
768 786
787 775
787 774
787 773
771 787
770 787
784 788
788 778
788 777
788 776
788 774
770 788
769 788
788 789
787 789
784 789
789 780
789 778
789 777
789 790
787 790
785 790
790 781
790 777
790 776
790 775
772 790
771 790
770 790
769 790
789 791
788 791
784 791
791 783
791 781
791 780
791 776
772 791
771 791
770 791
768 791
791 792
788 792
787 792
786 792
792 783
792 781
792 780
792 777
776 792
774 792
770 792
768 792
791 793
788 793
787 793
784 793
793 782
793 780
775 793
771 793
793 794
790 794
789 794
787 794
785 794
794 783
794 781
794 780
778 794
775 794
768 794
793 795
789 795
787 795
785 795
795 780
779 795
777 795
775 795
773 795
768 795
795 796
792 796
790 796
787 796
796 781
780 796
779 796
776 796
775 796
774 796
773 796
769 796
768 796
790 797
789 797
787 797
784 797
780 797
777 797
776 797
775 797
774 797
772 797
771 797
770 797
769 797
797 798
792 798
791 798
788 798
784 798
780 798
777 798
772 798
797 799
796 799
789 799
787 799
783 799
773 799
771 799
768 799
796 750
795 750
793 750
792 750
787 750
785 750
750 783
778 750
777 750
774 750
773 750
769 750
768 750
796 751
792 751
791 751
788 751
787 751
785 751
784 751
782 751
781 751
780 751
775 751
772 751
771 751
769 751
752 751
752 793
752 790
752 787
752 786
752 783
752 780
752 774
752 771
752 769
768 752
752 753
753 797
753 793
753 792
753 791
753 786
753 779
753 778
753 776
753 774
753 771
768 753
753 754
752 754
754 750
754 799
754 796
754 795
754 790
754 788
785 754
754 782
754 781
754 780
754 779
754 777
754 775
754 773
768 754
754 755
753 755
755 797
755 796
755 795
755 788
755 780
755 773
769 755
756 751
756 797
756 796
756 795
756 794
756 793
756 791
756 790
784 756
756 783
756 778
771 756
770 756
757 799
757 798
757 797
757 795
757 793
757 791
757 790
789 757
787 757
786 757
784 757
757 783
757 782
757 779
757 776
757 775
757 774
771 757
769 757
752 758
758 751
758 799
758 798
758 797
758 792
758 791
790 758
788 758
785 758
758 781
758 777
758 775
772 758
758 759
752 759
759 751
759 750
759 797
759 796
759 794
791 759
786 759
785 759
759 783
759 780
759 776
774 759
752 760
760 798
760 797
760 795
760 794
792 760
789 760
788 760
786 760
784 760
760 783
760 781
776 760
771 760
770 760
755 761
761 796
761 795
792 761
789 761
785 761
761 782
761 778
776 761
770 761
757 762
752 762
762 750
762 799
762 798
791 762
790 762
785 762
762 783
778 762
777 762
775 762
770 762
769 762
768 762
762 763
757 763
754 763
752 763
763 799
763 796
794 763
793 763
792 763
790 763
789 763
788 763
787 763
786 763
763 783
763 781
777 763
775 763
773 763
770 763
763 764
762 764
761 764
758 764
755 764
752 764
764 751
795 764
786 764
780 764
779 764
775 764
770 764
764 765
761 765
758 765
756 765
755 765
765 750
795 765
794 765
792 765
785 765
765 783
765 782
778 765
777 765
774 765
772 765
771 765
770 765
769 765
765 766
762 766
761 766
755 766
754 766
752 766
766 751
766 799
794 766
789 766
784 766
780 766
775 766
773 766
772 766
770 766
768 766
766 767
765 767
764 767
763 767
761 767
759 767
751 767
750 767
799 767
795 767
793 767
791 767
790 767
789 767
787 767
786 767
780 767
779 767
778 767
775 767
771 767
800 801
800 802
803 804
802 804
800 804
804 805
801 805
800 805
802 806
800 806
805 807
800 807
802 808
807 809
802 809
808 810
807 810
804 810
803 810
801 810
809 811
807 811
804 811
801 811
811 812
810 812
809 812
806 812
805 812
809 813
808 813
806 813
805 813
801 813
811 814
810 814
809 814
806 814
803 814
801 814
814 815
813 815
807 815
805 815
804 815
803 815
802 815
801 815
816 815
816 814
816 813
816 812
816 811
816 807
800 816
817 809
817 808
817 807
817 805
817 802
800 817
818 813
818 811
818 810
818 809
818 808
802 818
801 818
800 818
816 819
819 814
819 809
819 807
819 806
802 819
819 820
817 820
816 820
820 815
820 811
820 809
820 808
820 806
820 805
804 820
820 821
821 815
821 814
821 812
821 810
803 821
817 822
816 822
822 814
806 822
801 822
822 823
819 823
818 823
823 814
823 813
823 811
823 810
823 809
823 808
807 823
824 815
808 824
806 824
804 824
824 825
823 825
822 825
818 825
825 812
809 825
807 825
806 825
805 825
803 825
825 826
822 826
820 826
819 826
816 826
826 813
807 826
806 826
803 826
802 826
801 826
800 826
825 827
824 827
822 827
821 827
819 827
817 827
827 813
811 827
809 827
807 827
806 827
805 827
801 827
826 828
825 828
821 828
819 828
816 828
828 815
828 814
811 828
810 828
803 828
801 828
800 828
827 829
826 829
824 829
822 829
821 829
820 829
818 829
817 829
816 829
813 829
807 829
827 830
817 830
816 830
830 815
814 830
813 830
809 830
806 830
805 830
804 830
803 830
802 830
830 831
823 831
822 831
817 831
814 831
813 831
810 831
805 831
801 831
832 828
832 827
832 823
832 821
832 820
832 819
832 817
832 814
832 812
832 808
832 807
832 805
832 802
800 832
832 833
833 829
833 824
833 820
833 815
833 812
833 808
833 807
834 830
834 829
834 828
834 827
834 825
834 823
834 815
834 812
834 808
834 807
835 831
835 830
835 829
835 826
835 825
835 822
835 820
816 835
835 814
835 813
835 811
803 835
800 835
834 836
833 836
836 824
819 836
818 836
817 836
836 815
836 812
836 811
836 809
836 807
836 805
802 836
835 837
837 829
837 828
837 815
837 811
837 809
805 837
803 837
801 837
836 838
835 838
834 838
832 838
838 828
838 827
838 825
838 823
821 838
820 838
816 838
838 814
838 807
806 838
804 838
801 838
800 838
837 839
836 839
835 839
832 839
839 831
839 830
839 829
839 827
839 825
822 839
818 839
816 839
839 810
807 839
803 839
802 839
801 839
800 839
839 840
837 840
835 840
834 840
833 840
840 827
822 840
818 840
817 840
840 809
807 840
806 840
804 840
800 840
834 841
833 841
841 831
841 830
841 829
841 826
823 841
821 841
820 841
818 841
841 812
841 811
808 841
806 841
804 841
803 841
802 841
841 842
840 842
834 842
833 842
842 831
842 830
842 829
822 842
819 842
842 812
810 842
809 842
806 842
803 842
802 842
842 843
841 843
839 843
838 843
836 843
833 843
843 830
824 843
822 843
821 843
820 843
819 843
816 843
843 813
843 812
811 843
809 843
808 843
806 843
805 843
802 843
801 843
843 844
842 844
840 844
839 844
835 844
844 831
844 830
828 844
827 844
826 844
825 844
822 844
818 844
844 815
844 814
844 813
810 844
809 844
808 844
805 844
804 844
801 844
800 844
842 845
841 845
838 845
835 845
834 845
832 845
845 830
828 845
825 845
820 845
819 845
817 845
845 814
811 845
809 845
806 845
804 845
800 845
844 846
841 846
835 846
828 846
827 846
826 846
823 846
822 846
821 846
818 846
816 846
810 846
809 846
808 846
807 846
803 846
802 846
846 847
842 847
839 847
834 847
830 847
828 847
826 847
823 847
822 847
819 847
818 847
816 847
814 847
813 847
812 847
811 847
809 847
808 847
807 847
848 846
848 845
848 843
848 842
848 837
848 835
832 848
848 827
848 826
848 819
816 848
848 811
848 810
848 807
848 804
848 803
849 847
849 844
849 840
849 838
849 837
849 836
849 831
849 827
849 824
849 823
849 822
849 820
849 815
849 812
849 809
849 808
849 806
801 849
896 897
850 899
899 851
851 852
897 852
899 853
852 854
897 854
854 855
898 855
897 855
896 855
855 856
854 856
852 856
851 856
850 856
896 856
850 857
899 857
898 857
896 857
855 858
853 858
857 859
856 859
855 859
854 859
853 859
851 859
898 859
859 860
854 860
853 860
852 860
899 860
898 860
897 860
860 861
858 861
857 861
856 861
854 861
852 861
850 861
899 861
897 861
896 861
861 862
856 862
855 862
854 862
851 862
850 862
898 862
860 863
859 863
855 863
897 863
864 861
864 859
864 854
864 850
864 898
865 862
865 858
865 855
865 854
865 853
865 899
865 866
866 860
866 857
866 856
866 853
866 852
866 899
898 866
866 867
867 863
867 862
867 860
867 858
867 854
850 867
899 867
867 868
865 868
864 868
868 858
868 857
868 856
851 868
898 868
868 869
869 862
869 861
869 860
869 858
869 856
869 855
853 869
899 869
896 869
865 870
864 870
870 863
870 862
870 861
870 857
899 870
898 870
897 870
865 871
871 859
871 858
871 857
855 871
850 871
899 871
871 872
870 872
869 872
867 872
866 872
864 872
872 863
872 860
872 859
872 858
855 872
854 872
851 872
850 872
898 872
869 873
866 873
873 859
856 873
852 873
851 873
897 873
896 873
873 874
869 874
867 874
866 874
865 874
874 863
855 874
853 874
852 874
850 874
899 874
898 874
897 874
873 875
872 875
866 875
875 860
853 875
899 875
896 875
873 876
868 876
866 876
865 876
864 876
876 863
876 862
860 876
857 876
856 876
855 876
854 876
852 876
850 876
898 876
871 877
869 877
857 877
856 877
853 877
850 877
898 877
897 877
875 878
874 878
872 878
871 878
866 878
865 878
862 878
861 878
860 878
859 878
857 878
856 878
855 878
853 878
852 878
851 878
850 878
899 878
878 879
877 879
875 879
870 879
868 879
865 879
857 879
856 879
855 879
852 879
899 879
880 878
880 875
880 870
880 867
880 866
880 865
864 880
880 862
880 857
880 855
880 854
880 853
896 880
880 881
881 878
881 870
864 881
881 862
881 861
881 857
881 851
881 850
881 899
881 898
896 881
882 879
882 878
882 876
882 875
882 872
882 869
882 867
866 882
865 882
882 862
882 859
882 858
882 857
882 856
882 855
882 854
882 852
850 882
882 899
897 882
896 882
882 883
883 876
883 875
883 874
883 873
883 868
864 883
883 862
883 859
883 857
883 855
899 883
897 883
882 884
880 884
884 877
884 876
884 874
884 872
884 871
868 884
866 884
884 862
884 861
884 859
884 858
884 857
884 856
884 855
884 854
850 884
898 884
885 879
885 876
885 875
885 874
885 872
885 871
867 885
866 885
865 885
885 861
885 858
853 885
852 885
850 885
899 885
898 885
896 885
884 886
880 886
886 878
886 877
886 876
886 875
886 874
886 872
886 871
870 886
868 886
867 886
886 860
886 859
886 857
886 856
886 855
898 886
897 886
896 886
885 887
887 879
887 874
887 872
870 887
865 887
864 887
887 863
887 862
887 860
855 887
853 887
887 888
884 888
883 888
882 888
888 879
888 878
888 876
888 874
888 873
872 888
865 888
864 888
888 863
888 862
888 861
888 860
888 858
854 888
852 888
851 888
896 888
888 889
885 889
883 889
882 889
880 889
889 877
889 876
889 874
871 889
870 889
869 889
868 889
867 889
865 889
889 861
889 859
889 858
857 889
856 889
851 889
850 889
897 889
886 890
882 890
880 890
890 878
890 875
872 890
871 890
868 890
865 890
854 890
850 890
899 890
898 890
896 890
890 891
888 891
885 891
884 891
883 891
881 891
880 891
891 879
891 877
891 876
875 891
874 891
873 891
869 891
867 891
866 891
865 891
891 862
891 861
891 860
856 891
855 891
899 891
891 892
889 892
886 892
892 877
874 892
872 892
870 892
868 892
866 892
865 892
859 892
855 892
854 892
852 892
850 892
899 892
896 892
892 893
891 893
890 893
889 893
887 893
884 893
883 893
882 893
877 893
875 893
873 893
872 893
867 893
865 893
864 893
861 893
859 893
856 893
896 893
891 894
889 894
883 894
882 894
876 894
874 894
873 894
868 894
864 894
894 863
862 894
861 894
860 894
859 894
857 894
853 894
852 894
896 894
893 895
889 895
887 895
885 895
882 895
879 895
876 895
875 895
873 895
871 895
869 895
867 895
860 895
856 895
855 895
898 895
897 895
901 902
903 904
902 904
903 905
900 905
905 906
902 906
901 906
900 906
906 907
905 907
903 907
902 907
907 908
905 908
904 908
901 908
904 909
902 909
900 909
901 910
909 911
907 911
906 911
900 911
912 910
912 907
912 901
913 909
913 908
913 902
913 914
912 914
914 906
914 904
914 901
914 915
913 915
912 915
915 911
915 910
915 907
915 903
915 902
915 901
915 900
915 916
913 916
916 910
916 908
916 907
916 905
916 904
916 903
916 901
916 917
915 917
914 917
917 911
917 910
917 909
917 908
917 904
900 917
913 918
912 918
918 910
918 909
918 904
918 919
916 919
915 919
914 919
912 919
919 910
919 906
902 919
901 919
916 920
915 920
912 920
920 910
920 909
920 907
920 906
900 920
919 921
917 921
912 921
921 909
921 906
916 922
901 922
900 922
922 923
921 923
919 923
915 923
914 923
923 911
923 909
906 923
904 923
903 923
902 923
901 923
900 923
923 924
920 924
919 924
916 924
915 924
913 924
912 924
907 924
901 924
923 925
917 925
915 925
913 925
925 910
906 925
902 925
900 925
923 926
921 926
920 926
913 926
910 926
906 926
904 926
901 926
924 927
921 927
916 927
913 927
912 927
911 927
909 927
907 927
904 927
900 927
928 927
928 922
928 921
928 915
928 914
928 907
928 904
928 902
928 900
929 927
929 924
929 923
929 919
913 929
912 929
929 904
929 900
930 927
930 926
930 924
930 922
930 921
930 920
930 919
930 917
930 916
930 915
914 930
930 910
930 909
930 908
930 907
930 905
930 904
930 902
930 901
930 900
929 931
931 927
931 926
931 925
931 924
931 923
931 919
931 917
915 931
914 931
913 931
912 931
931 909
931 904
931 932
928 932
932 927
932 926
932 925
932 924
932 923
932 920
932 919
916 932
914 932
912 932
932 911
932 910
932 908
932 907
932 906
932 905
932 904
932 903
900 932
932 933
929 933
933 927
933 926
933 925
933 924
933 921
933 918
915 933
913 933
933 910
933 907
933 906
933 905
933 903
900 933
932 934
931 934
928 934
934 927
934 924
934 923
934 921
917 934
913 934
912 934
934 910
934 906
934 905
934 904
902 934
934 935
931 935
930 935
929 935
928 935
935 926
935 923
935 920
915 935
913 935
912 935
935 911
935 909
935 907
935 906
902 935
901 935
932 936
928 936
936 925
936 924
936 923
936 921
919 936
914 936
913 936
936 910
936 909
936 908
936 907
936 906
904 936
903 936
936 937
931 937
937 926
937 924
937 922
918 937
915 937
937 911
937 910
937 908
937 907
937 906
903 937
936 938
934 938
933 938
931 938
929 938
938 927
938 926
938 925
920 938
915 938
912 938
938 910
938 907
906 938
903 938
902 938
937 939
936 939
935 939
933 939
931 939
930 939
929 939
939 926
939 924
922 939
921 939
920 939
917 939
916 939
913 939
912 939
939 910
939 908
907 939
903 939
902 939
900 939
937 940
934 940
931 940
929 940
940 927
940 926
940 925
923 940
922 940
920 940
918 940
916 940
914 940
912 940
940 911
940 910
907 940
906 940
901 940
900 940
940 941
938 941
935 941
934 941
930 941
941 926
924 941
922 941
920 941
919 941
918 941
915 941
908 941
907 941
906 941
940 942
936 942
934 942
929 942
928 942
942 927
926 942
924 942
923 942
919 942
915 942
912 942
910 942
909 942
907 942
905 942
903 942
942 943
941 943
940 943
937 943
936 943
935 943
930 943
929 943
924 943
921 943
917 943
916 943
913 943
910 943
906 943
904 943
903 943
902 943
901 943
944 940
944 939
944 938
944 937
944 935
944 932
944 930
944 925
944 923
944 921
944 919
944 915
944 911
944 910
944 905
944 945
945 941
945 940
945 930
929 945
945 927
945 924
945 922
945 921
945 920
945 919
945 918
945 914
913 945
912 945
945 911
945 909
945 907
945 903
945 902
945 946
946 943
946 934
946 933
930 946
929 946
928 946
946 927
946 923
946 922
946 920
946 917
946 916
913 946
946 908
946 906
946 903
946 902
946 900
946 947
944 947
947 940
947 937
947 927
947 923
947 918
947 916
913 947
947 911
947 910
947 909
947 905
947 903
945 948
948 939
948 938
948 937
948 935
948 933
929 948
948 924
948 923
948 922
948 921
948 920
916 948
913 948
948 908
948 901
900 948
948 949
947 949
949 942
949 940
949 939
949 937
949 935
931 949
930 949
929 949
949 926
949 924
949 918
949 911
949 910
949 908
949 907
949 906
949 904
949 903
901 949
951 954
950 954
951 955
950 955
955 956
952 956
951 956
952 957
951 957
950 957
956 958
954 958
953 958
952 958
956 959
955 959
953 959
952 959
951 959
960 958
960 957
960 955
960 953
960 950
961 959
961 957
961 956
961 952
961 951
961 962
962 959
962 956
962 955
962 951
962 950
962 963
963 959
963 958
963 956
963 954
963 953
963 951
963 950
964 953
964 951
960 965
965 959
965 958
965 953
964 966
960 966
966 953
964 967
962 967
961 967
967 958
967 957
967 953
950 967
967 968
962 968
960 968
968 959
968 957
968 953
951 968
968 969
966 969
964 969
969 955
969 954
953 969
951 969
950 969
967 970
964 970
963 970
970 959
970 956
970 955
950 970
967 971
964 971
962 971
971 958
971 957
952 971
951 971
971 972
970 972
965 972
960 972
955 972
953 972
952 972
971 973
967 973
965 973
964 973
973 958
955 973
953 973
951 973
968 974
965 974
961 974
958 974
957 974
955 974
951 974
973 975
971 975
965 975
964 975
963 975
962 975
961 975
960 975
954 975
952 975
976 969
976 967
976 966
976 965
960 976
976 956
976 954
976 951
976 950
976 977
977 974
977 972
977 971
977 970
977 965
977 964
977 963
977 957
977 954
977 952
977 951
977 978
976 978
978 975
978 974
978 972
978 971
978 969
978 967
978 966
978 964
978 963
962 978
961 978
978 955
978 952
976 979
979 972
979 969
979 968
979 965
962 979
961 979
979 958
979 956
979 980
978 980
977 980
976 980
980 975
980 973
980 970
964 980
962 980
960 980
980 959
980 955
980 981
979 981
977 981
976 981
981 974
981 972
981 971
981 968
981 967
964 981
963 981
962 981
980 982
978 982
982 973
982 968
966 982
965 982
964 982
963 982
961 982
960 982
982 959
982 958
982 956
982 954
950 982
982 983
981 983
979 983
976 983
983 973
983 969
964 983
963 983
962 983
961 983
983 958
983 957
983 955
983 954
983 952
983 984
976 984
984 974
984 970
964 984
963 984
962 984
960 984
984 958
984 957
984 953
952 984
984 985
983 985
980 985
978 985
985 975
985 970
968 985
967 985
966 985
964 985
962 985
985 959
985 958
985 957
952 985
951 985
985 986
984 986
982 986
978 986
977 986
986 972
969 986
968 986
966 986
965 986
964 986
963 986
962 986
961 986
960 986
986 959
986 957
986 956
954 986
953 986
952 986
951 986
986 987
985 987
983 987
980 987
979 987
977 987
987 975
987 974
969 987
966 987
961 987
960 987
987 959
987 957
952 987
951 987
986 988
983 988
982 988
981 988
980 988
979 988
976 988
988 975
988 973
972 988
969 988
963 988
962 988
960 988
988 958
988 957
956 988
952 988
951 988
950 988
988 989
985 989
984 989
983 989
980 989
978 989
989 974
971 989
970 989
969 989
968 989
967 989
961 989
989 959
989 958
957 989
955 989
954 989
953 989
987 990
986 990
984 990
980 990
979 990
973 990
972 990
971 990
968 990
967 990
962 990
961 990
960 990
990 959
958 990
955 990
954 990
986 991
985 991
984 991
979 991
970 991
962 991
960 991
959 991
958 991
953 991
992 984
992 983
992 979
992 973
992 972
992 970
992 968
992 967
992 966
992 963
960 992
992 957
992 955
992 954
992 952
992 951
993 989
993 988
993 982
993 974
993 973
993 972
993 970
993 967
993 965
993 964
993 963
961 993
960 993
993 958
993 951
993 994
992 994
994 991
994 990
994 989
994 982
994 981
994 979
978 994
977 994
994 975
994 974
994 971
994 969
994 967
994 966
994 964
994 963
962 994
961 994
994 959
994 957
994 956
994 953
994 951
994 950
995 991
995 989
995 986
995 985
995 981
995 980
978 995
977 995
995 973
995 969
995 968
995 967
995 966
995 964
963 995
962 995
960 995
995 955
995 953
995 996
996 990
996 989
996 988
996 987
996 985
996 984
980 996
979 996
976 996
996 972
996 966
962 996
996 959
996 952
996 951
996 997
997 987
997 985
997 982
981 997
978 997
977 997
997 972
997 968
997 967
997 958
997 956
997 954
997 952
997 998
995 998
994 998
998 988
998 986
998 983
980 998
978 998
998 973
998 971
965 998
960 998
998 958
998 957
998 956
998 953
950 998
996 999
995 999
992 999
999 991
999 989
999 987
999 986
983 999
982 999
999 974
999 973
999 972
999 971
999 969
999 968
966 999
965 999
963 999
999 959
999 958
999 956
999 954
999 952
951 999
21 6
24 11
16 35
37 10
4 47
34 51
51 28
0 58
61 46
64 19
65 30
68 44
69 22
70 30
65 77
48 77
80 39
81 73
81 10
82 38
50 83
66 86
5 86
50 91
49 91
32 100
104 60
5 104
105 47
50 109
58 110
83 115
116 14
118 79
119 15
120 89
19 122
83 127
53 127
130 95
130 12
68 132
132 5
64 133
18 137
49 139
79 143
145 60
146 63
146 40
129 148
148 105
150 12
104 155
155 44
12 156
64 159
51 159
161 73
162 28
161 164
165 7
166 59
166 11
6 166
145 167
167 24
2 168
169 26
170 142
170 139
115 170
171 94
172 77
172 47
4 172
98 174
70 174
144 175
43 175
129 177
177 25
178 100
18 178
183 92
3 183
168 185
160 186
119 186
187 174
85 187
55 188
170 189
49 190
167 191
95 191
50 191
192 146
193 148
193 94
195 44
197 23
199 153
7 199
132 200
200 79
201 125
130 202
202 110
104 202
129 205
128 205
203 206
145 206
74 206
208 8
48 209
209 10
212 168
114 212
149 215
194 218
103 218
201 219
219 60
167 221
90 221
41 223
224 87
225 121
226 52
226 8
227 204
227 136
227 101
228 39
229 187
224 230
230 215
183 231
233 141
64 233
234 188
163 234
155 236
236 110
105 236
65 236
152 238
200 239
79 239
55 239
240 122
242 237
242 11
243 105
0 243
244 220
244 156
245 111
244 246
52 246
246 44
246 14
247 233
72 248
22 248
249 155
17 249
80 251
251 63
229 252
225 253
201 254
168 254
10 254
215 255
207 255
96 256
257 26
259 250
260 217
260 203
260 149
261 216
261 111
35 263
215 264
100 264
83 264
214 265
105 265
74 266
80 267
246 268
144 268
38 268
269 46
73 271
272 189
272 140
272 116
272 44
273 73
273 50
1 273
274 265
275 229
226 276
84 276
279 264
133 279
184 280
1 280
260 281
199 281
281 106
32 281
21 281
210 282
121 282
195 284
132 285
216 287
184 287
288 211
289 194
289 138
291 234
210 291
291 31
292 125
293 280
261 293
293 251
293 182
294 282
294 40
247 295
295 236
176 295
145 295
197 298
298 91
85 298
25 298
299 285
51 299
116 300
300 62
22 301
305 174
306 300
307 58
308 249
308 247
210 308
308 26
309 295
309 70
228 310
311 286
312 30
313 234
313 205
313 43
250 314
153 314
314 123
153 315
130 315
151 316
22 317
162 318
119 318
42 318
43 319
320 271
320 180
320 127
320 37
256 321
208 321
82 322
323 301
289 323
323 276
323 270
323 212
323 69
324 297
163 324
212 325
67 325
326 302
326 159
37 326
227 327
327 108
328 254
105 329
330 299
330 271
330 95
327 331
224 331
330 332
233 332
229 332
192 332
214 333
276 335
288 336
336 265
337 264
338 165
338 56
338 51
339 267
340 229
340 109
341 333
128 341
1 341
305 342
246 342
342 200
16 342
343 252
343 79
321 344
344 252
18 345
177 346
128 346
86 346
347 94
348 287
348 253
150 349
108 349
216 350
148 350
144 351
352 162
352 130
321 353
353 11
257 354
354 183
354 138
80 354
355 70
68 356
357 109
358 189
17 359
360 313
312 361
361 75
97 362
87 362
320 363
52 363
248 364
167 365
64 365
157 366
203 367
93 367
369 363
369 150
369 14
372 351
164 373
131 373
160 374
374 77
374 58
375 280
373 376
321 376
195 376
376 122
376 29
168 377
96 377
41 377
377 27
226 378
213 378
277 379
112 379
228 380
352 381
288 382
382 127
374 383
141 383
2 383
385 159
385 78
386 301
386 27
322 387
387 158
388 373
242 389
227 389
390 366
132 390
390 78
391 237
391 14
385 392
145 392
356 393
264 393
16 393
101 396
397 383
374 397
212 397
145 398
308 399
85 399
400 298
160 400
402 391
320 403
147 403
404 284
213 405
406 298
407 396
407 302
194 408
409 154
85 409
410 397
410 303
311 411
412 285
407 414
405 414
352 415
416 392
416 209
417 415
417 360
418 72
419 365
419 107
420 70
421 345
290 421
421 127
422 346
215 423
55 423
424 398
424 366
421 425
329 425
426 363
352 426
233 426
426 189
67 427
393 428
428 223
428 111
278 429
264 429
256 429
229 429
315 430
375 431
176 431
432 85
433 426
272 433
433 196
433 191
433 39
433 27
434 377
306 434
434 167
434 75
435 398
180 436
437 351
437 314
437 124
438 249
438 236
178 438
438 92
439 360
440 383
388 441
90 442
442 60
425 443
115 443
312 445
80 447
448 386
448 330
448 85
401 449
449 188
451 220
112 451
451 55
452 220
256 454
163 454
117 454
454 43
454 15
455 235
358 456
354 456
164 456
456 153
288 457
309 458
459 365
197 459
176 459
459 174
91 459
460 223
69 460
422 461
227 461
464 302
464 213
465 268
465 139
466 424
194 466
466 147
466 99
466 53
467 302
467 276
467 202
224 468
468 197
67 469
356 470
470 351
165 470
471 204
264 472
472 222
472 156
102 473
71 473
291 474
24 474
474 476
437 476
388 476
445 477
396 477
477 335
237 477
130 477
425 479
300 479
220 479
116 479
384 480
480 315
481 358
481 279
481 231
193 481
481 84
482 24
483 428
483 316
176 483
257 484
133 485
49 485
310 486
487 415
160 487
146 487
259 488
419 489
119 489
19 489
192 490
180 490
406 491
491 351
491 174
49 491
42 491
468 492
440 492
154 492
439 493
388 493
326 493
382 494
71 494
473 495
412 495
131 495
93 495
352 496
496 7
499 409
499 367
499 357
499 253
242 499
99 499
500 412
500 231
500 187
500 152
500 5
21 501
471 503
343 503
503 175
164 503
503 30
453 504
292 504
466 505
507 381
507 93
506 508
167 508
509 399
509 351
424 510
364 510
138 510
315 511
309 511
196 511
512 474
512 111
513 499
513 404
304 513
513 19
514 267
194 514
515 441
515 414
515 327
515 292
515 282
64 515
515 60
516 11
517 127
160 518
98 518
403 519
355 519
519 61
35 519
520 173
344 521
358 522
115 522
20 522
473 523
468 523
418 523
2 523
524 319
107 524
523 525
435 525
124 525
52 525
374 526
231 526
215 526
345 527
267 527
127 527
512 528
448 528
528 439
528 383
528 166
529 323
529 101
465 530
530 362
530 219
530 165
531 502
531 494
531 357
532 334
533 427
533 301
533 201
534 280
224 534
22 534
536 361
183 536
0 536
165 537
161 537
537 141
0 537
538 527
539 431
232 539
76 540
374 541
16 541
525 542
217 542
205 542
301 543
161 543
145 543
24 543
544 444
544 332
544 61
546 312
547 484
418 547
227 547
96 547
547 95
468 548
466 548
548 447
548 392
549 536
549 461
549 251
549 40
36 549
528 550
339 550
550 158
514 551
551 379
551 232
552 542
486 552
437 552
417 552
552 414
224 552
160 552
38 552
120 553
211 554
192 554
54 554
553 555
275 555
129 555
43 555
215 556
212 556
153 556
306 557
557 62
533 558
133 558
105 558
89 558
69 558
395 559
382 559
238 559
152 559
560 476
560 260
560 207
561 211
561 138
561 58
561 4
562 93
563 511
211 563
564 453
564 326
564 230
564 91
81 564
565 543
512 565
565 13
466 566
208 566
566 200
566 89
567 510
406 567
113 567
567 79
567 568
400 568
568 334
568 270
547 570
441 570
416 570
571 508
373 571
337 571
192 571
457 572
535 573
427 573
324 573
178 573
441 574
574 367
120 574
529 575
363 575
252 575
160 575
99 575
576 481
576 369
576 367
576 138
577 550
577 184
577 46
578 548
578 357
578 197
578 15
579 524
579 409
579 346
579 106
35 579
562 580
100 580
580 89
580 86
581 557
581 524
581 490
373 581
581 319
368 582
516 583
583 473
400 583
583 298
129 583
452 584
584 585
585 462
402 585
391 585
68 585
407 586
586 348
101 586
586 11
395 587
235 587
197 587
128 587
516 588
449 588
261 588
230 588
164 588
216 589
118 589
579 590
178 590
590 47
444 591
592 119
592 107
593 571
593 398
593 84
593 38
530 594
595 554
595 471
321 595
82 595
596 303
596 22
597 199
597 89
598 312
598 251
598 220
599 398
209 599
119 600
119 601
602 462
602 335
602 269
474 603
443 604
604 319
241 604
604 237
224 604
201 605
54 605
605 31
134 606
23 606
7 606
224 607
496 608
608 100
480 610
610 319
96 610
610 89
610 60
611 507
611 473
611 265
611 22
612 556
612 536
308 612
613 573
273 613
613 137
614 605
534 614
614 107
416 615
615 265
227 615
4 615
616 204
66 616
472 617
514 618
401 618
618 331
293 618
258 618
568 619
516 619
409 619
619 348
619 319
619 207
518 620
480 620
377 620
554 621
115 621
131 622
68 622
60 622
270 623
624 286
624 107
625 590
625 588
625 571
625 335
225 625
625 100
626 517
626 138
627 477
628 623
628 556
629 111
630 556
530 630
337 630
176 630
632 396
632 30
4 632
633 446
633 77
634 635
635 540
405 635
635 188
167 635
128 635
635 127
278 636
27 636
424 637
262 637
154 637
304 638
592 639
586 639
509 639
391 639
359 639
334 639
14 639
640 524
640 395
640 230
640 123
641 511
641 333
641 237
641 165
641 54
640 642
642 471
642 13
643 347
643 95
644 601
581 646
246 646
646 215
647 586
579 647
647 431
320 647
648 636
352 648
649 318
274 649
649 234
167 649
649 95
419 650
650 172
170 650
630 651
504 651
651 255
128 651
36 651
26 651
642 652
452 652
451 652
184 652
147 652
88 652
556 654
480 654
230 654
157 655
30 655
656 207
112 656
657 535
657 327
657 298
657 158
658 365
659 543
433 659
659 367
660 568
660 375
660 351
579 661
661 573
661 518
661 443
662 651
662 280
662 174
129 662
16 662
577 663
387 663
368 663
663 204
664 604
664 478
664 411
664 396
368 664
664 366
664 283
103 664
664 42
438 665
665 287
665 154
89 665
55 665
666 603
666 59
4 666
647 667
667 572
368 667
272 667
259 668
214 668
163 668
656 670
412 670
74 670
73 670
50 670
512 671
406 671
252 671
190 671
126 671
672 556
672 518
672 269
672 147
672 39
673 182
144 673
673 79
674 575
336 674
674 238
674 199
48 674
675 586
675 445
675 268
676 456
678 535
678 295
242 678
181 678
595 679
679 573
679 154
597 680
680 330
680 298
264 680
680 203
518 682
373 682
684 157
592 685
538 685
8 685
212 686
144 686
688 140
688 94
688 88
688 73
689 308
689 56
1 689
691 662
691 406
691 270
691 77
692 667
692 617
692 123
692 62
693 454
693 202
404 694
694 313
694 94
694 30
695 649
695 536
371 695
695 9
696 458
696 412
404 696
209 696
696 46
16 696
583 697
697 494
388 697
564 698
373 698
698 271
698 110
698 93
698 44
681 699
699 637
247 699
152 699
135 699
129 699
512 700
280 700
458 701
245 701
594 702
202 702
84 702
702 15
653 703
616 703
375 703
373 703
324 703
252 703
704 687
704 502
704 45
289 705
192 705
705 39
706 499
707 492
706 708
708 698
708 475
464 708
628 709
709 438
709 410
709 296
534 710
323 710
210 710
711 635
160 711
711 56
50 711
612 712
712 378
164 712
712 141
712 121
713 703
713 159
41 713
708 714
714 479
370 714
358 714
9 714
395 715
290 715
708 716
716 558
346 716
102 716
437 717
717 30
718 559
489 718
234 718
150 718
144 718
116 718
14 718
218 719
720 673
720 530
720 344
720 305
720 293
720 283
720 87
721 565
721 181
721 164
113 721
722 664
722 652
722 403
337 722
722 280
723 719
418 723
723 334
723 106
672 724
724 553
724 542
724 488
451 724
724 428
724 358
177 724
691 725
725 686
530 725
323 725
163 725
726 670
726 617
69 726
726 10
727 458
448 727
387 727
727 235
198 727
727 95
7 727
433 728
407 728
257 728
729 524
729 506
729 175
729 95
729 26
534 730
730 75
49 730
641 731
598 731
327 731
716 732
361 732
153 732
665 733
469 733
412 733
365 733
202 733
173 733
170 733
50 733
40 733
666 734
635 734
288 734
165 734
41 734
686 735
648 735
437 735
222 735
129 735
736 721
736 675
736 667
736 596
736 279
736 209
736 189
736 75
737 710
737 558
737 130
738 457
738 13
739 310
739 280
739 88
739 6
740 330
741 542
741 317
741 231
741 183
148 741
741 27
609 742
742 586
386 742
196 742
742 28
743 713
743 444
278 743
129 743
705 744
744 684
535 744
292 744
744 44
665 745
640 745
745 556
546 745
745 122
712 746
746 671
546 746
518 746
436 746
724 747
723 747
663 747
313 747
747 142
342 748
320 748
108 748
422 749
258 749
44 749
741 750
750 671
750 559
343 750
230 750
77 751
752 463
752 408
208 753
754 693
754 533
754 422
754 409
370 754
754 328
754 299
755 598
353 755
755 42
756 591
528 756
756 118
757 287
757 285
577 758
161 758
758 13
759 602
260 759
759 249
177 759
754 760
721 760
760 446
304 760
119 760
761 510
761 462
391 761
353 761
328 761
80 761
84 762
16 762
659 763
441 763
763 332
72 763
23 763
763 14
178 764
764 174
524 765
435 765
210 765
71 765
677 766
34 766
27 766
416 767
407 767
194 767
768 732
768 326
768 228
768 200
768 76
768 23
769 603
769 594
400 769
769 356
770 326
770 255
770 219
770 110
49 770
771 726
771 637
771 631
771 587
771 415
771 185
177 771
771 38
594 772
772 383
772 104
752 773
773 458
773 152
67 773
774 745
774 619
546 774
356 774
774 351
116 774
774 59
564 775
775 457
775 392
775 283
775 141
725 776
712 776
776 602
776 366
776 362
776 252
150 776
290 777
248 777
241 777
146 777
133 777
416 779
106 779
772 780
764 780
678 780
504 780
729 781
617 781
592 781
781 494
457 781
234 781
116 781
781 95
712 782
556 782
518 782
331 782
286 782
24 782
569 783
501 783
310 783
93 783
784 756
784 718
784 716
784 257
784 52
785 774
785 745
560 785
785 232
785 89
786 231
787 781
754 787
787 619
787 591
787 125
785 788
788 751
707 788
628 788
561 788
788 492
788 328
788 234
549 789
512 789
451 790
432 790
790 221
197 790
791 682
579 791
791 200
530 792
359 792
792 255
81 792
65 792
792 44
793 699
793 620
528 793
793 251
3 793
794 766
276 794
242 794
794 61
613 795
576 795
480 795
387 795
374 795
313 795
796 782
634 796
497 796
293 796
85 796
595 797
748 798
206 798
34 798
377 799
320 799
275 799
252 799
800 748
800 680
800 668
800 466
529 801
801 350
288 801
161 801
801 34
801 24
802 790
802 595
802 436
802 167
640 803
803 556
803 468
803 462
803 376
803 359
804 726
720 804
672 804
656 804
804 613
371 804
804 14
805 238
807 607
534 807
438 807
355 807
807 219
807 77
737 808
808 652
808 586
392 809
810 526
810 190
170 810
811 718
339 811
240 811
812 766
611 812
579 812
776 813
651 813
506 813
324 813
281 813
761 814
546 814
490 814
786 815
740 815
680 815
649 815
628 815
292 815
207 815
159 815
816 805
816 549
816 429
816 25
816 4
817 767
817 653
818 572
818 511
481 818
818 140
818 26
769 819
819 697
819 4
821 774
821 470
821 187
822 543
485 822
517 823
195 823
178 823
824 783
824 781
642 824
824 346
825 798
706 825
545 825
486 825
227 825
825 157
743 826
391 826
826 60
569 827
553 827
500 827
281 827
208 827
744 828
640 828
828 334
326 828
195 828
828 189
176 828
138 828
117 828
773 829
745 829
829 734
362 829
263 829
218 829
73 829
17 829
676 830
513 830
453 830
348 830
44 830
433 831
163 831
82 831
832 769
832 741
832 571
832 564
832 561
832 541
176 832
833 809
834 821
562 834
834 501
176 834
384 835
835 188
835 117
835 44
835 31
835 836
836 558
836 298
836 249
836 9
838 573
838 442
421 838
838 392
838 298
257 838
838 174
839 539
839 446
355 839
840 750
840 717
840 697
356 840
840 185
840 59
803 841
841 719
503 841
243 841
841 157
24 841
822 842
842 445
842 333
776 843
843 415
377 843
202 843
843 44
36 843
25 843
844 782
628 844
512 844
844 511
507 844
403 844
297 844
844 143
779 845
845 671
629 845
563 845
201 845
45 845
299 846
263 846
670 847
360 847
271 847
264 847
177 847
24 847
848 605
848 516
848 389
848 357
320 848
849 709
849 523
850 582
850 457
850 147
851 477
851 349
851 191
851 182
851 104
852 823
691 852
852 629
852 335
852 297
852 59
853 733
688 853
677 853
853 487
853 329
789 854
854 767
854 702
514 854
854 459
434 854
854 412
854 283
178 854
848 855
855 699
512 855
855 366
338 855
626 856
856 478
856 425
195 856
569 857
516 857
146 857
857 143
857 142
72 857
817 858
791 858
858 494
858 190
165 858
146 858
715 859
601 859
136 859
792 860
725 860
684 860
388 860
322 860
230 860
161 860
860 45
743 861
732 861
501 861
861 479
265 861
244 861
598 862
569 862
266 862
102 862
82 862
14 862
671 863
487 863
95 863
864 811
864 771
864 425
864 338
864 258
864 205
864 20
865 665
865 600
577 865
433 865
865 373
865 295
865 40
866 590
866 460
835 867
819 867
368 867
868 575
868 277
868 190
868 184
868 9
869 665
869 619
869 462
869 122
515 870
870 460
870 316
870 171
513 871
465 871
390 871
871 143
38 871
834 872
738 872
710 872
872 267
872 109
681 873
629 873
563 873
836 874
663 874
874 573
874 559
874 143
54 874
875 812
374 875
338 875
178 875
875 175
120 875
770 876
585 876
507 876
876 399
203 876
551 877
480 877
84 877
44 877
851 878
685 878
516 878
178 878
635 879
436 879
134 879
73 879
62 879
880 393
880 333
880 90
881 581
881 547
881 247
882 735
882 182
882 22
882 19
883 651
883 621
32 883
884 697
884 166
884 91
884 9
787 885
885 539
385 885
885 56
886 872
886 795
886 590
886 476
886 472
886 409
886 173
887 796
581 887
519 887
887 479
887 427
887 365
887 269
39 887
37 887
23 887
888 702
888 506
258 888
244 888
888 234
70 888
409 889
404 889
80 889
743 890
891 716
200 891
1 891
8 892
762 893
691 893
572 893
468 893
98 893
894 367
356 894
874 895
834 895
228 895
896 823
896 747
896 508
896 356
896 295
897 697
897 450
897 346
897 318
898 772
672 898
898 635
898 421
898 187
898 132
898 4
899 575
899 454
899 346
273 899
900 798
900 742
513 900
900 510
900 311
900 151
50 900
1 900
901 426
901 380
902 829
902 745
738 902
902 331
213 902
194 902
181 902
902 122
865 903
720 903
903 431
903 351
903 319
904 650
497 904
384 904
904 332
680 905
647 905
632 905
69 906
816 907
775 908
515 908
406 908
396 908
395 908
391 908
252 908
165 908
908 93
65 908
909 639
909 623
406 909
336 909
901 910
778 910
195 910
166 910
85 910
6 910
655 911
281 911
212 911
84 911
20 911
912 881
912 831
912 785
912 699
912 678
912 620
912 458
912 261
912 177
913 874
913 793
913 712
913 665
913 266
914 902
914 583
914 387
914 91
914 10
915 620
916 814
916 635
916 219
817 917
917 443
917 105
918 776
918 765
918 206
52 918
6 918
919 488
919 188
919 104
99 919
920 905
855 920
920 751
920 249
921 842
768 921
630 921
531 921
921 509
921 458
420 921
921 381
371 921
185 921
72 921
597 922
922 495
490 922
922 351
131 922
858 923
832 923
923 670
552 923
359 923
260 923
245 923
923 159
616 924
608 924
476 924
290 924
124 924
25 924
488 925
389 925
265 925
253 925
842 926
776 926
726 926
574 926
565 926
203 926
87 926
819 927
595 927
366 927
278 927
19 927
912 928
928 630
928 519
928 434
928 7
929 778
929 667
929 638
528 929
512 929
449 929
929 335
929 162
930 762
594 930
930 500
930 116
706 931
931 629
931 566
931 396
512 932
384 932
932 311
932 40
17 932
849 933
933 524
934 878
934 824
934 540
486 934
934 95
22 934
769 935
935 730
935 649
595 935
68 935
936 667
529 936
389 936
305 936
243 937
938 623
116 938
938 45
933 939
932 939
886 939
939 300
714 940
666 940
376 940
185 940
757 941
710 941
941 383
176 941
940 942
934 942
903 942
813 942
712 942
545 942
5 942
405 943
276 943
146 943
944 369
944 182
672 945
945 590
946 862
946 730
946 518
946 395
946 153
113 946
899 947
947 891
947 874
947 763
947 135
737 948
948 620
450 948
948 125
772 949
499 949
949 250
64 949
949 61
950 39
945 951
951 893
482 951
951 122
772 952
657 952
578 952
953 347
953 190
595 954
393 954
357 954
954 175
955 684
453 955
282 955
185 955
745 956
116 956
957 494
149 957
73 957
806 958
633 958
487 958
403 958
327 958
226 958
169 958
671 959
400 959
171 959
160 959
43 959
960 929
960 472
960 3
561 961
961 275
961 266
818 962
962 681
962 419
962 183
963 733
579 963
963 540
513 963
34 963
964 953
964 730
964 685
964 504
964 427
964 46
965 751
965 745
965 668
965 509
965 153
966 894
966 860
966 235
967 476
967 445
256 967
967 252
967 43
967 24
968 863
968 569
968 506
968 190
133 968
968 28
544 969
969 61
948 970
899 970
506 970
370 970
970 283
970 94
971 606
471 971
435 971
327 971
235 971
675 972
587 972
972 271
765 973
973 447
45 973
317 974
912 975
850 975
742 975
360 975
146 975
976 700
976 617
976 538
976 321
976 231
976 106
976 98
976 39
977 376
977 335
977 284
193 977
977 148
978 711
978 612
978 582
978 571
912 979
979 823
499 979
980 869
980 635
980 538
980 523
498 980
980 367
980 269
980 172
641 981
981 220
981 58
982 827
982 559
983 926
983 697
983 509
983 14
984 831
293 984
985 971
985 763
641 985
406 985
244 985
86 985
6 985
961 986
986 844
417 986
100 986
965 987
903 987
770 987
987 684
427 987
987 316
908 988
690 988
407 988
188 988
97 988
801 989
562 989
865 990
131 990
920 991
815 991
682 991
485 991
472 991
248 991
33 991
992 826
992 568
992 444
992 360
992 356
992 310
992 20
993 871
993 856
48 993
994 654
994 502
994 186
995 986
961 995
995 948
595 995
995 573
995 463
996 506
996 476
996 345
256 996
996 230
996 79
33 996
997 824
997 430
997 380
353 997
997 9
998 605
224 998
998 222
149 998
998 121
48 998
22 998
999 751
999 556
999 488
403 999
247 999
211 999
